147969
26242
708346
667074
236200
998848
672899
872594
259501
242783
381830
477172
618096
65553
187147
75805
840189
74815
927453
357298
889025
169430
266967
278914
780521
221803
329754
982988
543494
766007
728078
43908
633590
811826
178508
80192
272387
241785
775394
243853
824739
116392
648534
608122
250276
612235
170369
14570
869085
248226
97725
511983
166942
517228
34131
121904
132072
33432
380958
299496
663252
830285
509084
123478
918207
499436
227550
945119
81545
448064
751620
953858
923144
670128
279896
875877
690696
76501
978611
812017
334262
609591
640966
42693
796004
79990
540318
480018
114898
905837
28303
331141
394055
710018
242395
451812
257392
35951
882190
815524
282742
279672
389628
501068
40103
304049
25627
610175
786561
100403
274069
566925
573539
293459
723791
321898
507369
247470
80234
86597
170779
24527
240621
357447
760753
470464
429995
153709
327318
259460
240199
589957
608150
815318
39849
131289
345517
645604
630563
138226
644904
774208
213208
598321
888792
638575
697634
262754
954386
29761
140360
758754
714
396636
626884
632459
888355
109958
228774
691888
374164
87734
760432
465955
583704
520156
936387
73029
905712
300609
187198
301311
375754
168626
830545
243332
820362
501360
513784
398203
518247
152015
845243
757728
901837
726904
913743
26347
870201
217141
959326
789848
613539
956710
802874
144138
459772
465518
768304
22849
145356
854222
738225
221387
85299
117035
672445
905041
671474
819381
388430
210071
363658
399172
653784
399237
354330
543654
673068
917003
886117
878184
864733
604716
879887
508960
418675
282316
391815
798634
500914
880709
559375
121922
129076
317684
119049
247707
680905
350330
282650
424836
717693
708176
744502
210686
305529
913827
858336
574765
299489
331648
570588
834019
119354
150095
525909
532172
390190
199588
871052
462365
447065
735330
674860
650486
110460
573312
555001
266039
327345
257740
56119
108024
242670
259423
559501
525252
16954
557225
20877
373654
237928
338428
630914
887561
87619
968924
571972
147625
521016
830442
405124
164921
588434
99534
262989
468962
690902
51858
946802
486773
996398
15317
230240
930823
464472
666910
157880
875534
927758
970692
892764
195245
461147
688022
715381
560937
832809
56322
105523
248668
176036
928861
448759
599599
146815
395605
800935
89648
739283
663989
316915
616227
619696
768467
403904
790168
309261
499028
395036
732886
797151
791370
555510
121954
197281
705237
531420
2714
875855
32443
930506
189192
71455
522420
584435
914498
405405
690636
183783
759069
837377
184054
399781
784521
559663
717805
310960
231529
43293
668562
938196
102088
950142
512639
958252
439660
907380
430613
213773
145122
204120
565326
466776
722110
314836
616389
953046
432253
780098
681879
686446
958952
382395
516687
134986
827803
743299
667009
844621
512382
437953
261794
822083
366063
473830
594465
4655
263682
512947
12027
942658
111281
530192
43750
899507
187834
695147
147837
934561
619760
140769
932102
175572
157204
939516
213403
410419
820475
45975
820667
331880
915691
184796
617605
254582
380609
663689
823753
889833
414758
873475
346288
811931
872432
800669
500079
578617
952749
222791
189731
78695
307902
382567
354936
571468
808888
844433
239208
55444
857419
925217
832137
57928
313382
560587
656572
672402
819125
719863
924697
687259
545021
513990
970745
947252
155158
954955
783122
668170
97691
919653
405037
285569
161274
247200
950227
560004
607199
55891
989194
84058
86227
304500
101389
40560
979820
342338
460076
46741
767335
693450
419136
185683
513971
602590
204883
874247
598614
934041
980976
45799
356422
859133
750823
236372
397912
394229
789390
554536
984440
258221
555141
188059
989425
707032
322863
54598
655286
972348
99399
438950
568018
682795
736898
976042
14461
177978
541930
136675
161752
939299
93886
452116
304112
456189
432362
74032
759019
722354
250758
907812
863002
213887
242124
480206
916697
639545
283317
906299
859453
973243
714827
806195
915733
279775
576159
788378
448662
627008
290454
164589
780548
941270
957088
890128
795807
7373
107230
333873
728690
940703
504936
373894
656337
366018
335106
487388
867117
226086
909682
957772
454864
613013
844754
57124
201543
266090
513790
78747
54050
412221
465969
392502
275230
438452
413668
274648
654913
480873
339410
124283
3641
390122
250151
820065
519935
690951
115549
393782
521373
91803
566909
901389
460404
820052
4777
357531
107749
559555
865710
866139
279376
49386
932532
627549
507500
466093
737409
331713
611668
556551
303392
557375
212934
114463
697601
188747
852302
800769
128008
534024
523991
496737
605827
784204
114785
348200
516805
686019
452606
410383
797239
819387
410644
335034
794347
667656
787768
854972
305644
747995
491621
915982
738278
429656
887705
181875
806814
709414
45936
295839
696736
136367
15568
719608
160987
282362
190013
191775
588156
639661
285058
847480
683447
594084
447089
824003
37367
169696
532372
740198
522108
570217
654109
782490
151879
152686
680886
256092
770992
360506
488304
367354
692285
315849
414990
691607
198519
225516
554871
250620
640661
489670
229463
374730
719506
419497
227153
556976
420892
767661
170806
319992
989788
854565
680729
711193
274819
933746
836939
417721
752365
581345
812815
649869
548107
317456
451668
880183
813982
371240
988393
245137
889763
487060
80316
917285
781043
935479
804461
38014
619178
440821
302949
864477
933777
566105
313821
629039
764636
206498
911577
235531
867545
234045
399804
323841
527158
9283
447755
422833
780215
429443
243343
881327
173620
418310
646978
17855
534492
279386
73798
462106
613031
131891
106290
974471
874123
728193
644941
124843
159886
311652
741491
87746
422874
815430
127501
468170
238496
625705
850380
510889
345189
336786
359687
265831
32209
411026
848405
282998
797443
422987
647085
192696
331411
615193
993153
90271
548684
821895
553336
989329
84238
427630
664080
733329
399778
918946
373011
662735
403884
760533
13872
23313
279858
781090
228074
570966
36421
989611
57868
79406
148994
759383
979355
489232
543034
614821
517928
250446
85974
435394
394425
5168
700584
751230
987174
133274
190117
946575
263291
840933
874393
610184
231986
410478
176013
975755
403311
949768
367171
380924
697687
480196
790106
939917
744732
484699
997977
172804
534292
100624
428021
163410
938271
987020
415135
928287
708761
521893
581539
70750
176126
392223
897002
466843
20130
827962
994129
684173
167838
701026
644492
69944
83952
461198
653950
961090
462406
413160
819271
267274
602440
152281
3213
756611
558062
71565
831524
734341
486716
728108
992827
446269
491104
514658
631199
461626
647590
520339
861222
494141
845207
684326
6642
605437
521254
347247
766262
501476
372610
87296
144511
680624
646308
291531
649154
521025
668584
257552
954906
5301
858525
746737
959257
672208
590596
817431
915585
557745
919761
454960
118696
342276
363558
985086
439201
655619
647407
508469
855692
508631
562594
625945
17455
117676
860803
537915
785512
967462
414699
195830
646065
818105
711014
559785
867942
503837
110728
173408
284472
793674
210368
205752
620196
288429
69095
829600
354178
313819
28176
306569
214157
36016
342605
431637
529621
573844
869027
53188
836873
710919
609820
229394
325507
921389
71
207733
943191
814532
442362
821670
234489
776310
743697
86998
279462
540099
789561
750070
419106
654144
2009
291125
807194
329902
871864
418140
211896
953300
129506
400114
905592
619999
924392
683418
927571
416147
720379
110827
481856
807688
482069
720055
741179
424137
126819
537135
868176
726847
147718
999652
636151
537141
774753
645872
634308
166289
34539
487992
676132
937134
593414
51245
694643
216323
324363
405298
104522
686397
125138
640363
338682
478639
633110
147689
25605
960394
131818
752534
63818
424708
124822
217492
671206
665467
764392
884994
339325
437819
565723
260046
506752
101521
611799
147722
680473
323946
759665
554687
680658
579847
195792
939985
661666
326566
56405
557534
570946
156234
728015
571296
747516
930610
874098
343763
432998
889545
195763
799413
70746
990692
427412
47006
402345
285886
92815
508052
535852
968771
102685
643541
356410
838554
361757
996964
877400
316411
171520
678920
389106
823893
364200
607038
551894
286783
784219
784708
902188
763233
945292
653076
592096
711574
434481
82965
567274
211065
908941
886908
802725
527961
336751
826150
662444
779593
470147
963496
926428
90798
407633
870090
537309
559848
500851
632682
658929
555176
792780
827679
210471
349489
635713
629245
642274
864518
130660
947
353277
347470
554214
483910
815064
129353
994597
439182
163761
225719
5500
727983
748596
431936
204517
720734
884702
737988
392368
214245
847802
341871
949779
306170
969681
276030
980800
526787
545909
677876
914509
560445
151063
33255
51451
702419
871718
300875
846849
791724
913801
686030
559506
736329
18402
973546
263517
904530
128959
752774
119295
594629
792744
571494
231087
514864
850887
41002
380089
706464
73710
181210
415398
624957
531920
842478
109479
158324
659267
869959
840497
205312
158541
786633
550731
63224
130351
162763
48522
281684
62882
512401
870546
827406
610894
511634
601931
374667
413501
568639
763610
287218
552814
292210
119481
389532
639314
203266
530360
938829
924870
112952
287371
303982
290601
951307
194347
733436
434303
472058
536945
251470
91000
181969
475636
160611
660148
47253
330366
847750
184377
14931
686608
592463
227142
153606
245675
858302
830487
265979
866615
111248
399122
154534
302622
554298
53342
332167
721856
293099
720828
861149
220698
354764
996173
176639
186903
670532
587010
205101
550755
602585
986909
823285
674272
846376
867749
720082
871633
572024
568066
21374
328457
481787
968899
617130
493193
55401
994970
990330
850817
631001
956553
488915
357171
126589
956192
404804
711737
145494
624443
928132
77242
928986
520137
30192
816462
120182
633175
595191
309722
585620
561660
668768
941010
604339
100216
520326
896299
579040
172635
326576
504572
49877
269519
675311
470205
198650
810383
761248
494807
219652
139723
99916
467232
903149
187850
820888
612437
528444
179798
118268
733003
695714
159459
234203
951542
39269
511072
430279
167903
859614
106536
762014
781975
587693
184529
113282
101071
651877
576205
870312
250285
756780
432290
819053
334864
802688
177680
335020
65576
675353
22184
701346
51202
918174
989843
438612
486688
862205
94308
859135
21192
134214
984019
668745
177116
588937
108499
330677
809446
618957
215854
79059
744075
484058
781597
923588
914492
771678
790213
722310
28112
351019
143438
416069
36690
215646
852977
815980
459677
422828
90455
914443
915053
932658
113680
550527
49050
525911
65812
402161
424389
136883
652866
700438
826038
875863
744964
765425
874158
735689
18082
448219
795853
477756
855558
830603
700459
475099
862413
81507
727560
353658
510585
198567
992552
117530
629468
473440
341519
70015
683670
911132
545319
249484
38714
506445
712219
287556
705429
234742
379069
566832
375075
849609
952909
306373
909787
96555
918098
735360
836698
749778
498433
828845
809165
958099
269408
174223
444784
746545
552686
413040
427441
161635
292990
359969
269413
471290
517077
339273
669599
34402
405075
498791
975234
940411
466422
862465
856959
285886
305770
664656
940966
2920
988669
72959
806905
483277
72471
750975
456586
852557
954853
838455
86017
640273
310467
833466
752121
764562
35703
549715
315505
204370
302145
791866
861955
467285
31290
642698
657858
977821
346189
288148
578549
808773
330140
119776
863615
757398
728197
448908
999485
628500
64194
542696
507160
728124
14107
849558
421740
994390
776055
219933
290445
896125
607843
648011
587092
215287
664895
561100
543563
95768
764595
965477
532570
289047
727445
821071
301052
356228
501128
862067
549853
696377
360479
706457
582855
662654
94529
504826
7519
700607
241183
567120
758847
397078
110805
375873
40059
563532
551826
145354
125806
994231
154733
618297
357552
337491
865139
105404
75771
597422
782363
867462
679920
143831
256802
815977
484666
749632
267594
165384
549653
97919
461451
108401
200111
404979
164215
805834
526928
290859
138611
983077
757317
795721
854825
207819
21015
488056
564955
486909
701982
939933
528040
165103
261877
454810
319304
234332
149081
825041
275384
69421
165886
69063
776768
294619
456465
552339
249283
955043
99535
631490
478439
418122
142181
977673
73554
462345
795077
33058
693033
824088
424397
633430
947810
68042
921979
690231
736903
22718
12866
966996
137175
179740
68114
407975
868813
394127
30818
180837
788720
942463
134579
580704
825888
496857
196185
209360
266033
854812
398060
391342
317148
328591
641080
617709
443314
542410
744644
918646
41022
11746
998419
457657
650412
286295
828983
312952
43262
626575
634605
365741
210216
153905
162722
450491
481655
164457
157173
438806
759787
830327
386087
726448
113933
824015
576304
672109
796658
497459
226555
896903
75309
122731
749119
995140
141691
358732
898494
129816
762014
546700
985648
190315
259914
657068
947694
675221
887275
711195
945397
229700
630725
283710
794687
814774
26110
254685
203400
814926
608893
325596
480765
810
215370
938976
114677
155436
467732
148928
370604
345080
425417
678115
856000
270238
565889
866580
815395
867310
969855
468729
773868
348312
829122
287028
30394
163738
169712
444449
417606
952826
988488
692428
690794
405803
838495
527066
886490
104321
266356
43528
999825
829112
404498
397097
369798
528017
451626
459036
232991
122878
736796
756393
8705
600403
555589
67139
12349
379947
991313
105461
458924
780259
489810
576797
814732
517605
43379
508154
782992
559271
457462
166486
467827
329296
323184
66379
551118
217400
999492
538034
638022
577418
120523
77483
279492
918144
887056
233229
563904
787354
675252
96978
584965
928874
301597
560821
539342
652895
619856
379253
685002
1379
994002
731603
900044
213198
590534
418935
121824
197790
364215
49221
517501
211458
73208
565548
839626
697026
652744
254351
54220
295430
800862
934141
993807
366933
685437
369930
484161
969967
268619
84522
121082
137265
862961
645070
632266
461732
182961
191772
549417
458662
336362
445324
737012
906228
911499
680681
176668
382776
560143
186963
289872
517322
249695
546770
996841
48725
664244
662911
655600
649400
70951
836557
2882
610992
336330
357999
227249
912320
676462
9720
344894
893972
155812
601195
119818
749318
911245
155803
872696
308273
570992
652470
656446
138019
362749
288148
441627
813978
960733
71941
151048
324714
208450
187679
610495
965980
472084
968969
741315
752059
528842
519215
610590
326575
575238
978848
275960
590348
152224
192957
714658
780457
527247
64759
510146
532517
347694
193816
384744
537279
185900
492629
112971
763043
932756
351224
827810
856920
865161
576563
240948
260886
611945
772096
838039
782639
173576
42498
681356
846629
612870
909595
54720
417248
27067
107744
819391
633982
936101
490358
14640
527479
277496
624056
933016
795793
785278
772832
627861
511687
648433
881906
569403
804738
993872
859389
955817
16056
919511
923598
6905
558830
514996
34867
420620
734456
550785
462896
56422
51915
290663
354188
824485
177116
188502
758811
706109
499308
66916
951734
808177
443257
743687
41207
363304
78719
971219
795098
627401
282860
984942
335884
697588
696636
918526
855908
376020
982699
836885
786793
338895
440315
162429
920347
35022
861821
825611
823031
934563
625534
557796
512045
976138
411618
362601
768292
319245
600263
351292
649993
799015
365638
808471
740408
801572
714418
566215
414133
630854
234313
507983
938650
821492
115844
298025
541282
267421
89741
237699
666444
482173
282684
486989
524049
784324
635684
757718
687152
710392
452301
984343
935400
497484
847945
408870
760579
49307
356897
978384
951520
401685
720272
946796
457863
337515
925989
96882
295643
466126
900945
54304
602402
778319
865899
752241
75492
415867
255212
223427
934473
153087
276420
545790
236989
878087
638719
948562
847203
182630
714803
797636
606902
22053
417093
422125
291547
290494
367229
518464
747070
71712
516841
174103
197924
272071
237916
389700
92866
319802
42714
346935
12182
623444
516031
568449
98564
522404
746693
547096
193522
533867
530544
383594
362256
802826
883759
464828
772073
795782
953197
239492
952978
443730
239592
703388
313735
136287
159729
293642
412702
196419
365370
509245
889981
723959
909530
724754
155851
986174
304813
344626
900252
854935
753868
657618
238990
142553
348629
493800
844610
72162
832846
61173
723352
533564
601528
144541
394301
221716
971255
186194
102861
232615
396945
636136
357890
200102
233466
358990
520291
597140
844646
815383
390623
396441
347526
197536
744234
887816
46351
691945
544663
83446
658611
566426
129532
807282
764559
834513
7873
261099
521999
837067
33816
587245
579701
199135
628783
706925
295702
269517
412821
502904
820799
331156
75416
236784
342938
582372
567131
943583
804779
132157
725612
430077
704573
27107
263005
418485
169593
633301
636526
323273
351712
533278
699947
126474
336311
466493
190931
825664
178580
740995
47672
968779
385333
974767
268005
861262
145858
987069
525120
133553
881885
153292
36251
490731
234625
561238
244190
631160
435946
862420
716194
517266
121063
798878
290829
409127
31774
4167
910535
330334
732084
826612
766152
925640
412174
603547
349396
991165
92035
27217
760232
310515
52672
986149
148325
813916
120636
540230
481231
492531
510757
493386
926710
946408
292299
364678
12519
922043
185329
426793
384271
704339
317006
880312
420438
767774
771528
162813
183263
662882
252879
853780
185374
716697
946094
629445
234074
759579
710611
246115
178785
755913
68405
586187
731851
912425
59908
387977
658846
565427
932368
398662
541826
907067
798109
339019
7363
400734
854298
249345
780989
557003
491124
497822
180620
594115
631960
975789
693767
390701
946861
778767
96811
53558
159918
977762
169367
369543
531287
922286
432702
388196
736350
884696
498437
390495
787292
754865
552207
539188
346493
924861
216706
577417
766494
465234
539502
44929
457858
187663
133245
614904
734163
213132
559356
319513
112391
220479
891028
628590
157402
637058
17329
573338
350719
651429
657432
365790
136750
77416
242486
254773
253648
779496
792331
680416
691363
581462
665293
141792
136065
323395
591456
576051
557926
6453
713350
462469
678401
770609
452663
311098
413455
787410
897608
673258
30812
17980
62767
319908
682146
185898
811738
773945
175232
245276
452610
953797
336426
86228
17304
288199
80457
213137
18000
295844
352352
655497
37390
288611
435415
426803
854192
553403
729544
433856
931348
95133
995776
857028
1566
782201
235767
671427
173317
525832
829067
159597
450153
945960
286354
978265
807167
828846
993431
584843
660
565431
618607
603783
100532
674470
435211
18570
329672
460748
671335
912027
170578
836262
140484
845792
856661
341012
829693
869230
304179
440083
825739
578700
260472
245016
945468
610037
945128
909973
702814
440241
742949
87005
792975
398805
571077
989778
103287
344751
387335
811383
370715
552399
932832
469418
997446
967008
209127
910282
208957
140876
378669
494722
693013
841147
747026
307882
93394
532466
236331
589722
248777
680816
291643
865404
865031
99262
475366
770314
388280
362000
99623
10670
206467
650026
122440
378197
948723
259901
190827
246150
574715
406501
152315
514000
150248
881299
576253
539387
690733
589662
827115
198486
220752
983780
14325
849715
245801
932284
706560
640760
161374
623255
643231
295179
734926
684256
801817
242375
687843
821167
86947
713552
577405
927035
595615
216242
632811
792794
882614
621369
934722
263649
901293
949259
344341
928054
326919
824875
885926
200656
783438
487553
865719
966219
89147
186793
870648
788466
12752
773256
931717
55944
188538
302824
559911
336426
777823
511706
66487
642019
183631
91783
564900
269088
626452
797990
318238
370241
671235
553274
643827
440049
859181
881730
415844
451835
442685
196813
317070
469785
847697
699022
382545
178795
895049
896308
50733
923871
744
50427
891899
531589
544924
173797
418772
398006
350232
553936
901134
70605
742501
166350
903868
826242
980163
751789
347068
552761
933532
780050
247180
578822
771055
88
939741
964678
66874
784946
507142
166040
182518
20074
338920
913826
995253
854896
237470
614525
46623
240007
248639
569044
966908
806202
444523
832350
594737
306533
214919
591849
555780
538937
234173
529389
190473
394453
161837
749927
627888
434886
308351
509302
491411
193799
951084
154232
191555
215982
721422
399582
12247
703127
500189
311072
229148
517179
556536
136054
312028
207925
244544
430621
857970
677624
432122
768234
278124
73048
978404
683229
417981
504083
998678
401952
229604
228088
360005
344967
333983
10480
836012
345663
812655
474576
615966
23791
849949
387491
411087
776823
910722
993939
230124
407744
983129
706082
6639
494760
42005
685094
651962
226595
295606
108902
780708
576440
966982
210615
309787
368325
330948
493432
367244
1525
478608
880349
463810
341868
813620
940806
677956
563141
597851
751410
684292
527509
958809
394203
815540
630760
647218
573447
989899
906343
490311
340715
258456
581595
924924
458093
931440
210211
214152
500605
727411
966923
952372
401504
156131
683515
245586
777854
393688
729737
517586
38890
237538
898305
237126
975903
339507
40134
987262
259953
806376
314071
205282
32508
430538
564850
610089
564123
267295
523620
803636
777591
10752
237338
784004
284513
636825
376461
139926
468025
79756
844808
510025
59495
287635
421098
484800
603225
862755
998624
505325
180800
634253
357636
469881
775478
933324
304472
698210
697047
45414
442107
622809
558907
299124
798702
77643
401615
518189
33933
336917
690975
110724
967248
119979
83758
899042
727906
623193
50435
903694
913536
265568
671868
686992
762126
242182
185638
534114
491789
167878
147803
704010
643271
63495
397098
217657
472127
687797
361170
167832
180627
750571
628225
332413
53872
855768
122479
952326
370275
118349
668132
895595
293467
274420
204080
70578
820843
761515
420417
874292
263412
684335
127771
665856
662227
800968
241836
740426
8629
665633
868004
45593
128692
846169
604761
930066
616646
698003
849582
543571
257759
521033
587340
117251
968033
51858
868756
245432
396274
151004
945261
462497
983466
233259
816626
862701
455082
458993
769027
246111
433854
955266
333767
290452
103699
367810
980639
546506
629911
858378
774961
633795
346390
256768
173617
873645
557595
452708
112962
738322
171070
270102
550237
917783
275815
4558
660194
509685
212418
524862
959906
823661
642809
340051
737281
557445
620623
315939
292586
650309
687609
788461
667332
948363
577163
665878
731155
926610
192985
737923
724865
104280
149023
817136
616630
462785
306286
526156
918297
129752
422759
514439
930145
827961
244583
638864
734893
104578
109817
174896
645599
153962
410512
438478
227088
126400
64506
293523
456879
175495
485232
895879
69080
138515
406041
681841
633550
666882
314902
47781
462610
828063
186056
387193
8948
685492
657078
152402
20826
129742
792988
390448
354550
282027
103447
766107
9148
120208
534758
429741
644549
587831
745292
213662
572026
338328
91126
547901
964530
439364
398102
174757
824509
816413
777157
211238
68158
949998
451733
359462
937531
357624
809177
97332
835783
689308
662523
495266
595809
844678
14649
899485
138864
379992
453769
98356
457273
615023
677351
745489
864128
272589
540970
751791
492924
187641
459290
78376
101356
608149
948251
863237
336037
876627
590732
96792
748721
829015
732357
124899
19596
76703
769770
102664
39564
447861
980646
148332
730897
255826
462832
353806
744530
735156
899464
996764
462192
940049
547534
269133
52962
635206
59326
587602
686305
225778
489286
84119
387463
570924
113302
187770
436119
604594
493059
304179
655525
47490
555011
474542
416833
135795
321712
553619
692150
215063
332638
884518
29904
251812
722297
667797
897340
800684
385370
223402
437578
731644
651732
126189
322388
69545
418671
759246
46917
627493
743266
173968
708871
725773
484781
271800
42220
179737
705133
229798
234234
912873
184871
780645
844761
5392
592796
427461
967894
724015
559239
924746
628733
95247
146203
389004
291758
882286
981967
216091
272314
404790
633439
577037
789066
501099
626432
640076
372760
74117
892210
823860
355457
84878
318095
325278
204426
561957
510529
885058
536174
180215
840959
255289
748634
228979
338045
115230
343315
337615
14106
245256
174273
155531
769398
613505
57021
294025
104722
655787
398065
228979
491015
436506
764529
536264
394019
566879
603371
785789
632754
726402
640978
655545
962454
384527
846478
343513
515797
851736
225885
153224
10646
102661
129241
207838
438208
908643
199193
607934
282421
693079
567009
989857
189547
180156
410795
364271
406357
346028
530732
318702
235964
401228
167449
153180
222269
534084
892155
284718
767164
927132
30982
304196
409014
121991
751005
398320
46659
152908
631688
459704
980035
995124
273083
99685
756711
781497
250835
951363
463053
929212
518161
104453
279365
788228
176182
248865
830304
673999
386593
120577
104994
179310
84406
141166
495729
473484
63542
721488
809743
891987
954364
560368
945534
495404
589741
410718
293295
434011
265070
208389
818510
892615
437675
163159
218355
110093
482319
396586
502531
469019
222112
978095
843260
932983
87845
758485
563633
172716
923874
229168
689130
566835
654927
745780
574078
889002
255756
846441
732947
900524
724358
67746
155814
255903
49508
615711
67992
98552
484660
484232
305728
474886
792776
130216
223028
227222
510478
612389
319114
339394
694913
179916
581640
803714
63040
657280
877744
953889
910571
613488
593148
865738
706598
226545
118962
866021
799967
958185
716482
409408
244754
639259
752203
584623
354743
332737
288440
292997
230577
389155
539335
706145
168319
438434
757729
954230
554419
672354
705251
122216
579648
663549
976194
538776
863334
139773
95091
30975
869276
586258
488645
287581
816009
284352
144519
724831
636617
411224
12687
280714
427106
123272
979460
377301
737346
124980
549955
885374
4936
85304
211690
301602
409822
405290
820167
505714
436352
263461
246697
403623
469435
569624
959400
482144
822788
443093
170224
801968
699802
97922
673990
237758
721325
565602
529880
837694
819700
514784
291463
19562
494721
537908
578245
946421
654651
666265
399917
832128
524286
547843
793872
115466
392066
676405
17237
411363
289514
295622
746575
898649
48851
118671
481570
336029
568390
801545
623438
211441
530385
187463
504458
624671
262266
700083
981927
379096
909770
904831
78034
415625
599215
180524
546520
160433
806266
647564
177692
577738
719770
984303
115263
719923
991815
529822
451630
349478
898956
119200
892660
770732
604555
426434
338679
354082
908521
200555
815293
361380
598239
672058
305827
588390
273269
579643
686591
28676
306463
721326
146830
233039
425401
669384
187144
289575
250603
305147
533329
381655
10777
127535
76977
694626
570369
868328
259882
36715
851000
807515
156178
915656
705898
323651
874300
969719
315227
637034
800306
590353
210261
407582
634714
293347
105615
834669
136964
896402
821323
172758
984761
843240
710309
124545
179954
77829
171842
402404
988311
717070
27882
859289
487418
396214
766716
981855
415129
568560
917122
211396
160382
229422
106294
512313
418888
504092
676085
843173
248084
290514
84643
702015
998927
679583
704310
715421
876516
189496
41692
319965
687175
945269
852109
945002
666581
810551
98145
747377
151637
136054
210839
871452
258259
227425
652080
411996
657849
855093
348052
742793
7205
129614
166136
640446
579717
848249
241443
680711
170175
982007
624197
713768
401130
317087
415494
835238
145687
390651
286468
161293
899772
768071
34718
889115
586325
397283
621868
578023
454527
245598
957422
321968
449101
675292
546635
500659
667882
46550
3877
94483
300256
849767
348043
127443
744748
264002
942815
662707
440940
414281
922154
916969
319084
757750
950158
482652
670149
967080
204495
351114
669757
399318
543875
415345
751339
739313
922583
397252
517014
689087
248889
692494
899124
637988
49178
454902
840998
93223
495925
352908
852455
276277
585208
821968
413701
698041
508214
309848
350699
713854
551234
965729
985762
29473
179958
459442
79009
879906
316384
133735
319520
135290
200465
490349
399408
901483
643662
89759
509723
277737
927845
304795
433979
809832
80525
9971
283303
834239
766202
211170
316574
347387
573644
824486
219623
253828
50194
298314
679450
848051
436758
539436
82600
166957
690900
651668
691234
413449
50519
324737
706114
996346
86872
321439
212622
857787
923235
402686
124103
666526
54299
202932
886229
143992
991425
22570
886759
259729
780178
239213
226975
283771
289089
56422
754223
715789
52404
606248
29443
924262
364588
1088
209188
923703
270677
790691
658584
93920
74062
421763
479822
802511
992146
720457
40201
830305
630271
122152
14406
219148
15683
358257
417600
662422
35778
576407
599104
840936
258698
418230
190825
170264
279377
408005
560265
270357
930407
115850
404879
94233
924673
950711
742663
59766
755448
111243
703339
717071
969714
176799
205087
453717
251757
56091
813769
490976
106592
527670
824681
956530
316622
404260
881341
132551
759910
432034
251444
72784
624791
396323
217061
658244
533028
546808
904291
818369
592575
378125
277023
82933
940985
5893
950094
849770
911830
863551
939081
754317
559023
211969
457090
309226
907729
1654
393352
545763
965584
956492
164078
733434
224232
358292
212955
380275
108731
903019
556809
623439
591167
172441
421400
808226
974859
719037
192964
523381
676811
497331
623017
611526
688629
391452
467142
705744
279892
886564
512843
656873
423016
510879
257254
810766
364920
535378
332380
470738
748386
559905
143730
37678
694732
37197
87604
258758
299508
490480
142950
735404
64190
165641
595664
342173
889394
125575
146301
490401
388907
342138
676655
233976
448896
170289
506267
59288
152924
699300
56875
827431
420945
867543
460962
743909
969249
900227
799983
419608
488354
583520
338508
56510
257144
123880
332446
542601
764076
858012
732659
772660
290086
876688
379702
825077
822841
704832
91096
719593
118300
540547
379429
356818
203060
197436
407777
897613
119770
817362
188329
278907
257921
624926
960762
782227
183632
480292
148847
572221
484560
753573
286913
904660
779869
91854
832209
266884
710243
979038
834884
58405
419189
599036
24203
545326
764435
404428
987791
729473
257019
965588
770103
461632
515682
129348
396990
597980
845502
251633
545140
249798
402207
285115
818343
208758
287419
800764
866929
443590
835123
601281
892410
158612
295919
444780
916262
280631
103177
538618
559941
397909
913997
886218
982660
113394
657917
273733
54094
494132
897590
668836
801110
799739
908207
70460
660786
955072
16224
396201
96376
295670
902981
823186
688571
959307
775110
108547
901296
922946
531149
807276
339458
91618
312584
978049
465476
34227
117561
921739
422081
931015
476821
732674
820785
48386
543934
959301
98614
589015
335703
468769
320046
78664
273648
689044
106851
545826
623768
762531
715350
626310
909319
786753
148849
382113
880135
240529
592378
62375
162054
898146
387536
253980
281312
19425
227160
870300
361290
370128
242710
208834
422801
675053
181651
871969
884138
435231
927807
689789
553396
651009
204550
909881
133116
884400
418868
826264
16087
266922
253765
708086
941196
513276
797102
358428
899474
736534
706923
884554
533065
877130
156446
293155
153597
855784
76336
337628
421500
139614
517536
639140
674089
271012
794829
479219
867775
50477
439498
818834
108560
487469
888839
37394
784998
337399
270955
604851
389112
28280
605184
401020
213281
47118
231657
678515
244900
404007
307915
729118
745668
620975
766159
158182
198637
802981
211655
297581
533696
740071
860924
695019
800955
662556
767829
805916
751530
225157
266278
983874
106528
531437
770198
616661
647551
526433
814622
786904
645855
883239
496090
150140
562314
588415
276295
817618
396627
791440
449754
907206
541789
125010
444507
82990
508559
625876
524220
842634
424779
589968
390742
531290
785619
180941
648096
61815
533422
377866
82033
103305
179543
895637
233684
63406
345698
40775
801535
534592
798547
75652
992841
605
778830
555772
63770
506427
185147
277591
936977
683689
962492
928447
965980
993102
866986
265550
627609
296488
630734
667565
166982
903233
434580
200163
993863
49431
511523
916048
934923
362726
649881
970289
283344
241850
342810
273407
955363
237061
339578
827500
962773
456168
394038
594817
841065
740560
77027
733515
634792
856641
621970
301956
534925
230272
906722
80743
287362
815321
839781
990790
47429
532158
615218
696093
442131
337866
528289
371444
220047
397216
302406
288201
18214
11891
168249
825325
455984
935202
257045
748236
977758
450484
222602
114652
609672
123614
390467
964436
69716
453561
147610
29540
476427
739584
732350
60540
238236
359715
61744
7808
573670
312340
742471
218254
512070
311206
951278
12654
155118
943892
442344
493930
441396
404755
541452
203370
649352
95603
620652
289597
398483
950806
212142
184231
964173
688297
616372
388506
308588
313889
586925
866735
348141
113552
433509
715348
627495
56771
674451
230338
750716
3857
191338
231298
632103
361020
691035
516843
872398
859267
164060
624039
340473
946667
943357
643602
346279
878220
913787
702930
627734
963597
400201
870686
742407
590177
270750
659463
354258
577349
832115
7176
336371
137732
164644
603183
572509
221955
647914
691735
833516
305863
561018
33199
128971
742503
806933
532614
490190
645956
6606
155475
227568
900055
435919
142258
323431
292286
537518
206034
770970
961593
29490
351647
350500
318593
954191
190238
546204
347638
363054
139556
49669
732410
716999
698301
570968
560210
497097
61867
483662
454815
966448
707200
167056
863775
501748
216100
777168
883236
421837
529116
577306
441837
780524
26321
889818
884997
162315
316588
192463
1836
122169
383575
876049
319236
544226
784522
704383
51008
859479
927008
73238
434862
758644
59216
751966
315854
764035
500830
909541
742206
783027
814547
876238
27885
555742
72279
272815
206026
730868
105497
850976
48298
156076
645735
632055
857510
853269
559154
705294
54231
63960
958150
352725
172953
696338
833352
4590
259261
483156
990943
897418
816741
168311
503112
206256
390799
80095
583519
853232
596319
520311
785029
156569
897040
501047
683564
977268
726784
494653
759766
45162
606117
27528
19284
701667
752773
144589
2823
383472
310131
998866
228731
789590
725286
79413
783711
823596
996690
880819
731377
83539
481116
138824
243713
883938
700634
109159
877093
537430
122532
750453
212376
898056
198596
87126
157693
973827
44876
474470
572890
753137
19050
965652
516193
257744
109728
489162
336516
234471
490503
85278
38937
828410
811296
21400
836208
42367
800501
208647
565768
780419
533689
975899
699605
797885
288079
922504
3367
935662
246725
267172
511526
603814
442343
838085
376949
597442
237934
608090
326140
977290
329813
468822
905449
928201
728415
758953
438966
220462
423196
914256
635366
142227
470190
490978
78849
545618
54247
729074
418417
954795
672729
768104
930077
521166
963369
606170
268160
979099
856293
901037
644802
654890
668607
752634
380738
12424
479746
677415
755897
180875
626701
87588
354905
402934
440508
722033
650438
366516
408843
640756
396486
938498
794284
590999
513932
906014
363803
780698
542433
948956
292248
353751
405486
216760
491076
151587
189621
563229
583318
666841
874032
705026
496709
447460
463562
312687
179196
593368
775802
317355
254454
402834
212170
522165
529812
672007
203181
944064
144929
628598
659741
180058
806842
989492
685109
491271
995406
172089
6321
228874
242953
260505
69187
687840
592917
930253
507587
467674
124422
168847
745638
943653
993310
294806
820423
507789
784797
473805
123283
825634
98930
658289
649338
473233
197257
635627
517686
967898
227564
659939
978882
387206
13310
964010
861629
482461
645314
300261
427212
436104
145511
543495
898068
186901
286063
303234
505978
552439
241829
439694
765727
215382
130174
355031
821668
8064
649346
940242
137489
829449
965087
98177
503579
959134
714919
834383
321737
494989
500470
10046
393573
134183
520484
985103
986807
541781
60584
544599
782760
106736
400640
697702
418700
972029
326505
166274
730282
843871
840179
638731
472216
234291
850874
154937
249337
472112
599221
309177
625669
29200
317826
310789
895617
452085
163595
325825
799326
463401
770747
938151
543298
603331
868141
14686
847746
118090
280531
737017
383754
670682
290582
70410
886154
848578
776973
481297
432143
373606
763611
285576
861024
381278
15979
612639
77020
129937
102872
603784
25018
24517
905220
128758
458138
895380
898468
431
226435
59595
660913
395150
707591
810213
967670
945109
173340
628475
518371
759129
339459
594580
816472
449495
82508
184534
968978
95068
323101
883789
207655
954670
373357
822761
746255
659761
625261
945020
183012
561755
317025
55821
33657
886812
256151
466844
137391
359779
800731
852386
616780
998957
104638
362965
792216
854679
617596
4141
952607
567221
97732
781594
166137
753345
942070
137867
378474
395826
469496
761848
890467
606608
901125
939017
933399
361742
174551
228594
467067
65091
401360
403183
514431
87800
731335
267143
316326
751809
622196
181854
340675
578267
30259
869185
712899
5440
835293
338897
947663
195792
891931
591396
956862
998176
460359
84129
184697
608627
410591
818102
377926
982040
517508
300425
937859
587029
367926
569415
20388
667599
886317
930742
551311
777750
252410
46246
106454
988962
31739
541469
169554
835525
669330
353608
625603
758978
107033
628526
473317
540458
176657
93598
647647
968542
593864
482596
531696
780219
831918
769485
207138
733902
889728
679908
743242
525943
985211
192298
856781
145890
502864
514984
88623
180768
103546
331315
237513
524975
764797
941730
167525
929879
661644
299881
262898
836042
220688
839319
742454
970996
384363
417933
765496
266808
107624
669223
762095
754200
375900
542665
702870
223782
581025
839849
86871
609996
920936
108714
270870
249663
599308
345141
389375
394537
992864
569298
521872
616109
626978
493592
952321
30894
754276
179692
335607
595749
566291
794047
336674
75303
584844
314460
840255
667371
577651
314708
142616
687264
421774
759844
631446
158182
698896
81761
335998
632438
447963
672721
386831
77043
423633
334013
862945
197203
413044
147525
723879
142596
648769
699957
525259
143816
122448
582555
398558
260173
651402
613666
339285
85060
879666
287061
192544
951412
5228
535923
850892
907296
916835
20517
86639
490474
596617
797000
129226
120821
98843
405500
568023
750764
150517
127475
411887
266440
436072
405562
169023
16082
926335
193516
624198
757155
190962
309515
585043
260079
493969
703021
245209
783883
613535
913534
969309
647961
750121
899027
243103
164107
591054
842469
252092
264314
585074
506793
52647
262360
746945
201804
582062
320975
860070
450965
817360
361458
774173
1630
237430
348853
605452
909227
369046
113385
38195
44069
604533
127601
599732
518843
667345
948731
734671
215545
71518
357052
739730
802501
671965
573596
137079
375299
934786
324315
861949
129864
870250
932863
719384
281573
665843
70450
925335
781228
932731
268747
188933
246851
136228
810622
715591
929703
219338
153526
714721
463573
648156
611631
481182
608311
108898
625360
886180
191730
868551
580749
161204
978428
374610
806106
187665
249741
14111
69739
115272
465946
78119
630032
23775
500014
885073
647990
515562
581592
704876
562341
580675
270614
595317
848655
811201
491788
513417
436402
58568
904426
96492
941711
925122
656469
321233
788612
60492
877227
843790
237833
93570
100268
199872
319768
172563
176074
201045
677009
508394
133455
801948
361890
20862
879418
432812
705779
172300
589071
292700
479365
340087
130335
381067
697025
627206
892620
108752
583347
839153
944303
174203
416202
465860
530768
16754
188299
898870
542906
565965
287922
786884
735419
194531
689607
386885
154897
751988
466809
3393
449603
307419
791135
125020
476004
761591
966506
665338
891559
802432
461672
794167
228896
772481
350766
205755
283439
892919
49141
311916
514723
946028
740515
771045
561022
956372
431492
968035
897611
630767
140806
545459
130858
318031
333192
853000
413552
31777
341559
229949
991242
642954
186194
364699
945063
693599
896001
585520
783418
409201
164327
828480
653046
394351
930715
201263
589440
184786
269970
515701
407234
298689
791187
897212
543067
681067
601962
595932
406650
467277
776783
422177
570121
805210
183616
807970
431468
70418
469041
356730
824710
184398
979764
884817
417687
903505
407193
381470
637713
884437
981736
17789
296037
51945
114825
320756
43941
295419
489172
894898
286496
803219
731573
622035
204379
407086
967589
98672
89857
153723
753774
180937
289918
946567
110585
898568
667725
508059
637967
672301
642972
101132
985609
723134
552363
418422
271152
797259
283404
798631
392196
847077
877790
461746
561720
106571
75152
768257
811565
78385
573539
602260
654952
310337
119965
854312
576494
480676
412478
637116
527003
234260
194662
305609
140386
415914
854105
572737
961262
832608
298315
13185
574410
442657
874715
29556
161013
918038
625755
918970
671646
854990
225858
22779
502284
518428
533826
68069
287126
897303
812484
716853
180813
20886
316776
27324
792690
940064
132177
1281
757009
513079
857194
642797
775542
151749
966907
985441
852841
982052
468910
358838
359437
452080
768672
760069
504546
280679
498253
571400
777392
781739
430474
23061
925064
21916
500074
738243
74822
973691
384000
417253
680111
811000
54953
218696
72025
761300
215438
677825
531795
475760
543974
65628
964901
708378
240829
937000
453673
205191
447497
242280
192833
96318
732354
783683
571170
756447
984315
986630
452615
53485
736968
925702
31251
140411
157619
295924
987347
462012
678789
552304
55268
446002
524164
754046
529203
427148
186643
744561
678871
713363
253040
174385
524973
344333
838175
531353
932903
16103
290478
780835
523282
849139
761934
438568
469179
162736
697061
899615
852404
185249
288827
629185
885058
677476
473781
384534
967569
775612
94370
981899
250710
970555
443322
248382
96669
31950
523114
705936
592988
858198
2996
223084
63272
687757
36678
339715
339813
842437
815717
221291
415852
189955
976783
231025
978969
810903
755441
922051
242132
934361
84688
846359
435230
66752
673462
953219
297461
380122
468449
507065
919708
848899
801975
393268
326118
328272
959393
399975
255339
752689
861320
565149
704455
899569
49227
960170
932411
711187
187300
344867
784786
996772
849170
973521
398041
447230
444988
457414
568926
286501
762535
996683
333503
556391
745426
482732
590288
985856
812152
942188
923316
631033
231628
544348
133441
988937
814044
926294
370006
85586
450281
903349
170040
118419
838761
727240
158426
593217
75566
930341
640031
537354
651784
451580
823573
294043
801489
178064
957042
606341
74392
256237
225777
185051
469143
527301
866851
721226
456413
223937
587183
351869
745297
628753
37863
916490
702256
739686
793440
952558
918721
113524
12480
269478
541635
965932
714482
113567
630659
294886
398276
390624
986384
264087
548326
148020
605846
333964
427891
534840
164781
660047
441788
756485
700482
92011
266545
119200
974777
701384
892015
120383
833569
141921
696069
682111
247538
303843
682753
48187
618016
661637
54379
569090
362718
434829
359246
584583
757919
182121
559285
880331
506843
731517
495677
742723
528417
412522
395537
465204
16245
401249
259059
269763
904539
615216
194035
998850
495925
1878
23477
605803
155448
253371
782084
426019
655770
949715
38595
446410
970472
883679
333623
307316
55513
852722
406322
568881
433353
516938
298313
853012
199863
16628
869557
832383
411104
919110
738411
679560
675190
721610
166910
512148
173877
575537
952317
574003
269187
117198
957313
377864
312269
290952
513717
801391
264908
833063
568414
176425
268444
647956
105217
740402
350589
653340
72675
429200
47503
796605
775375
882295
836662
852152
445075
703964
925491
297777
498050
478362
121356
37971
806318
771662
220457
992954
162950
371042
596316
604502
5460
308157
442965
123105
376312
793838
433613
135713
45862
51107
392470
169297
700603
175203
945586
362699
108365
572153
15964
137705
212153
231554
458889
520006
175611
74543
95291
261684
505626
884563
894180
199103
511388
876376
79546
343538
524237
787878
492833
46624
498946
489603
628962
208662
844618
498449
382095
905068
592145
454953
686687
994707
295246
577593
920090
243595
383376
342928
144859
248420
37327
156965
12070
976570
42149
581045
421396
52816
487055
754592
839332
17535
628243
17450
513883
657349
708145
376124
692192
166237
33349
381092
346992
333721
153548
186460
848441
176384
555085
48587
479813
430002
885258
286897
688663
101788
357315
777953
489528
845702
651105
382976
489855
268540
320655
319341
597811
400465
447459
378161
588721
470880
37089
62960
356380
819030
446733
178517
856070
238418
952595
134303
458089
305127
418604
243554
673716
272359
911684
596878
989986
926948
23857
668365
855288
398395
607769
672564
694725
286867
609741
832245
202346
633913
693250
139768
56747
198053
385775
898926
637235
217177
553249
319533
279641
340636
108878
703594
104045
696143
996881
309756
471076
120085
656756
811847
679127
424562
369963
377663
601733
200451
118425
785735
582529
63026
843094
670713
54613
435128
280806
942054
31795
932615
878986
656076
831161
167799
640275
138051
129501
318798
132956
948839
730587
126209
318082
369678
225963
73247
290505
439106
68795
381438
508553
217570
448504
111228
595864
878146
753342
95309
338966
425898
338689
652201
75430
333735
780811
28611
270019
149250
788944
301316
709992
174862
473017
32775
415796
652693
719955
319440
59658
495947
18453
997666
412124
500187
190255
679381
95382
140729
135377
978147
712250
516490
879415
755954
241003
735981
922945
472077
438723
57719
136227
747565
879701
395210
216807
72381
170393
375726
33304
176953
828775
2491
15557
965878
293447
111437
119491
68742
536650
236605
794459
1486
795368
202315
811499
651486
6019
745617
772838
300499
630731
739107
616162
681828
697028
132074
451559
631562
37756
557019
624735
738457
914407
658956
986990
23011
434494
596494
970627
83504
432455
836559
217860
335247
773586
318726
191980
939042
361789
300444
411413
765773
484478
711093
690505
276339
511752
640624
45268
509573
382003
667637
727969
465526
752400
92140
191395
47488
170246
779771
651753
383329
129970
247185
318605
785221
420588
822356
290883
826533
739722
198922
579965
15667
152833
470306
713930
328826
610088
777167
901546
427186
398342
30884
790201
728672
102002
786083
438902
630499
374053
226838
245619
85892
577353
404046
217699
426854
146320
315531
154694
794582
340427
155837
24892
790120
913461
79231
60004
990046
106288
117314
866850
785472
285922
471715
160580
597387
499958
262730
560855
897300
192977
956330
260605
619420
340349
114840
276358
489039
294846
820688
419838
511557
712813
107961
92416
367526
29163
3133
497165
741327
84243
324143
887709
674592
670685
216151
28678
880178
964615
512600
129538
578497
33151
401865
131700
825228
868895
552566
378228
487904
692196
804786
376158
998617
583191
769723
573313
761023
858236
196962
814698
622108
989084
766364
417946
132589
278214
40692
612973
414610
950026
675445
427903
331333
795123
623956
971480
310260
13719
998686
461619
610604
444222
453722
280386
44742
934377
438865
797641
164784
214824
442273
698714
707474
268785
386480
75911
654173
856589
671733
599324
607343
550045
970915
669292
310982
359217
771928
571083
49630
792939
836287
301728
349103
984446
196742
919626
871782
334793
52112
979462
650305
979263
934137
858120
835700
265762
818955
551706
949513
349237
434978
829447
224174
952435
879224
467170
991834
320874
795827
651185
239156
408670
793251
542864
383970
371911
480858
424824
49489
517567
490833
811572
112693
958440
118056
400605
585784
358477
758378
764405
953026
317782
154851
239391
430070
142966
571813
554846
238788
976012
408339
362976
397903
513622
435412
980678
718166
839036
795262
334252
660557
209636
136706
310226
466959
996141
776879
458609
504992
353040
577623
269291
82162
614901
303913
48015
79214
859518
592013
755203
628537
556373
296703
39141
720722
727702
909725
94388
60831
589466
945737
906976
715665
210848
677383
909867
94302
333402
367711
65302
586394
124805
196016
915075
746199
307169
402275
195465
255039
796181
785712
200424
20858
714877
584622
194832
680787
404617
937431
829006
461075
845923
579077
686341
818512
723063
162152
807850
538401
218864
608833
280561
996404
509980
197500
751125
105027
847915
667013
31651
60268
57361
482016
801717
379905
260971
544181
778644
882136
648473
57214
627563
191768
148055
957492
313442
80857
929253
307602
559167
451704
769120
316613
566947
52319
447223
198796
184692
77942
500075
911581
254723
656958
861873
923913
969043
845492
145983
557759
673596
162209
580380
118374
713337
883325
900295
983033
590600
287559
822606
53288
921179
791716
79069
492418
415680
449856
369245
467569
388139
602428
9039
695224
99547
556531
497051
948940
580843
54387
698472
329942
448105
944387
855051
23983
622080
907502
169706
471995
794846
311616
285628
367395
948338
267289
582269
659532
222616
740694
844409
790594
956163
142955
525504
722396
776181
159818
522847
919845
203761
711598
109582
349440
356962
840531
427402
724057
984244
11176
733833
679341
241386
779203
419239
302400
336915
34909
661287
450071
414226
60013
468338
591915
813025
449761
778328
492170
158353
547100
225930
905251
562377
411664
168389
600999
592309
503524
569160
458711
557205
200144
378559
73110
97090
984713
121884
300738
19727
644990
508047
441889
823568
104031
5511
301013
369778
567643
497381
197652
721940
518139
323791
110321
258928
709942
247257
527317
784615
729803
135457
251333
507496
872902
445951
358830
443957
55792
918624
750465
10863
238156
234189
245503
316268
357542
780864
970970
931487
94747
86392
875401
733437
882228
918841
557421
743035
443900
537187
240954
753656
811907
81435
651740
943026
204443
632116
753939
592601
368384
40247
790923
500410
991537
231416
840999
666492
571461
321397
146630
354464
691358
545806
804834
688442
998221
702517
16785
531433
304399
533171
986250
509487
141009
228850
729346
695313
780040
35050
512193
645721
211766
752364
368405
199182
815053
781843
164949
682929
490356
247770
982768
953487
838687
645634
157648
127
564574
409378
187178
677695
656990
769539
851238
503420
59459
282669
316324
351704
479038
452491
698080
311582
703586
934510
541814
933442
297706
918357
947325
584761
829993
415909
612249
659033
847659
348304
897230
937717
659391
521214
126561
491959
613199
805317
729559
129002
963320
97674
500772
537609
608642
929769
211237
967489
954906
909251
38334
489634
903868
534958
798413
627643
504869
308602
764194
424499
117706
481512
928070
814966
30451
221140
932755
510655
351816
459573
532372
472991
654911
195064
369878
448722
287707
557660
60866
973262
485238
521278
59091
709106
419568
747120
545726
979679
105756
677108
632146
883432
645553
661074
495180
428633
635259
597702
674105
716230
690184
296771
650273
316332
945343
529054
3080
633250
80525
520234
890139
234720
887586
466517
334814
832837
648786
502135
820921
847398
627240
432750
992232
256756
784007
463780
833502
746960
431076
98977
570144
6877
905489
362122
665207
385132
507057
503480
715234
24137
880617
392711
750624
17146
743481
871223
431504
96165
359738
439472
896710
851732
445256
788526
571325
509994
250749
850240
67328
848146
414964
236675
422255
916261
806050
166937
312381
851640
976369
238397
549774
221296
44519
689307
126688
8776
788023
121086
306096
573512
481166
1121
773774
653991
544630
650702
665214
760501
387119
837742
359710
108828
913822
540242
294341
583243
52605
923975
692181
85223
306002
86685
21882
23828
775574
661092
209921
634265
324921
940330
112122
273110
548627
791950
517679
831840
996619
260418
6763
934686
666908
423099
311873
642553
124424
760957
443481
971609
729603
32800
732082
653337
367629
400646
111646
212256
757718
343837
423541
618169
891527
720819
255377
481733
400785
190053
845791
5275
686448
85290
884076
675239
455147
755502
612635
988255
903465
326039
500600
339797
166492
815127
898566
572514
804412
548609
507227
580747
39273
855866
196815
798423
173881
101151
699583
359413
125694
207106
964186
212602
290848
961010
508664
498360
16894
559373
937815
48734
807588
42746
901131
960622
9007
500176
159033
809327
133538
181527
98024
219338
166731
945909
989469
189813
171747
795769
522049
784179
257092
598713
654567
536411
505599
482945
633602
200984
776025
807213
99650
279134
383437
52477
565680
91003
540461
460026
193717
31375
98762
749586
717836
46167
568549
790954
566105
297456
613652
674052
719343
446774
220689
224763
611177
979553
523066
647747
421704
518006
824022
642458
446208
125414
707684
34871
830688
191690
253033
694963
857601
608258
272945
268799
138027
589696
188932
44097
520610
680272
621927
89427
262947
195384
30456
659776
27715
591116
759739
744943
563676
29510
678762
552327
510803
712827
177076
661914
629097
396990
669057
568830
892326
862548
910591
337613
310689
20938
371626
132392
50578
764469
627743
458464
404928
630370
234911
53260
434247
842406
833771
498546
646288
317995
293307
790675
911408
784400
548469
302037
921014
234494
412311
794386
888113
570773
50389
403506
861809
435683
993706
804709
981717
907011
536153
89977
233598
948985
113415
240059
784122
252916
792521
458654
770533
375602
314692
50845
500071
889407
228872
974215
374374
594804
529306
668649
495669
714390
867748
279592
834428
386728
849365
929577
42267
709098
141129
264132
479182
40109
122453
100705
790887
266309
590087
643048
419794
261338
592717
388519
762327
821843
815482
552076
295605
951258
60577
558254
888105
480761
277341
911224
681812
666099
283705
543043
387410
579645
790602
561540
569476
828972
591929
171772
515198
376391
814849
428798
578007
8306
938730
394569
466612
308908
885723
217994
810290
829657
861969
634801
472853
514131
785642
392588
510609
337281
76521
146517
373690
548753
301502
442367
935518
871879
671453
506225
201737
503091
667008
693862
97825
780928
134422
617909
563678
949478
37289
167198
293834
527994
675928
860206
853574
416604
593462
233313
574016
17442
576094
254630
583422
331191
124796
75429
567246
200940
526629
783770
366124
618432
186123
208688
318782
282176
190614
238348
336008
402583
178179
561868
52129
86178
452788
222056
42074
499120
948494
875070
14947
409662
82982
193082
99109
639869
760524
417296
819168
418795
785345
671212
131832
622513
728653
277818
935459
410794
856043
989438
797228
825882
66738
735240
252211
505760
922065
218959
920223
782430
747847
458169
859190
85158
483804
146492
27854
749317
422845
541395
466019
43339
234064
432800
817101
469484
695493
631486
115644
168528
376159
331331
341522
564142
101696
645707
102932
219662
413740
595894
951861
248074
390586
838168
258574
515510
135030
456254
275777
309159
955071
217109
8433
102452
764109
790580
771854
543520
509514
567220
868500
817350
501904
873625
643047
87716
362206
580918
285622
811902
929551
329563
144718
339360
880275
852470
984137
354890
996776
168385
572423
407591
994706
738881
228599
978721
567956
34750
464606
284801
843105
341447
662727
286687
748508
48218
805344
181014
897884
111883
634748
987321
464282
863747
262325
712333
177511
836922
169282
972286
16585
831377
745185
884859
388488
5312
995932
504173
585519
384008
819383
65487
95708
811091
294727
830646
904278
32161
760757
380984
268849
297073
68587
791310
577053
594649
285932
236760
802465
392426
302950
233729
763220
544052
243711
896733
857425
848267
322733
304994
200445
595905
802634
315693
121358
325176
6766
935240
789381
920507
919843
665588
335759
136521
769881
79534
212607
606254
126416
247103
687423
401529
472777
534523
310454
253408
914318
727984
911837
611975
669854
396261
186396
827195
260145
899471
206223
866426
855143
475617
264642
149163
70787
392276
299855
275925
616507
237663
772600
655677
586199
43493
279320
295033
858261
81465
370857
302474
24414
855862
16392
982127
502363
26668
903343
744190
3954
740779
296145
442870
328347
123283
490324
167745
528816
486466
992992
960748
862141
151094
436889
408511
571164
642711
892286
568593
473926
425078
679586
228162
536900
263572
5147
64983
95206
773249
743854
883107
149264
699463
474174
729440
215227
3333
434923
362423
535614
880020
417689
240321
66916
424683
734824
924187
552563
779163
310179
549320
162486
241835
628173
809118
634596
3750
746588
716471
588874
886108
829382
260424
701357
697231
688111
959575
723154
601673
633957
228778
908737
199716
537157
421944
278094
852465
366535
391318
278937
155855
639127
412381
838010
366382
148317
363571
494646
11940
58665
121288
295065
883146
956555
233228
392510
93634
728046
66821
846184
922249
198752
794654
941023
705733
315348
774986
460726
137384
274220
113052
738025
945372
410067
447601
979082
73772
845669
297188
312937
170070
873836
622003
252347
394784
793465
609569
768906
312034
453897
76433
983222
894275
75232
293003
550011
480118
6984
484990
178315
861022
963437
742429
368685
540851
931283
576065
371971
611685
383624
900924
578511
619928
654104
798155
31825
258693
325956
8810
527550
715588
272949
746977
806191
29456
552709
84746
677350
865271
697607
857772
523482
703321
74388
767724
522798
556963
890945
116721
103791
982659
117109
398874
597981
326642
56054
795362
792803
864518
553914
471980
103185
733224
867394
461931
378188
329218
22673
831616
938218
152415
93608
773522
298631
912311
203216
247806
177193
80885
209651
802978
805666
976313
976372
246125
269942
892154
845896
904414
588450
748608
437558
322125
505200
235613
171868
371287
521654
441931
987578
919014
520733
520078
562273
390908
446611
23839
973286
797486
895553
173277
142962
49310
145895
451576
600771
676606
109389
618693
64500
390381
921461
438738
93723
274657
404551
161149
600992
783153
436536
70138
319633
128860
335368
222564
421818
101176
731380
831292
356479
822867
40332
619262
633942
467860
573113
868913
722564
500939
522126
822259
442438
571711
549724
548839
242158
797710
470670
391926
526909
805353
568451
627783
769593
562444
414365
28436
481431
732251
668671
605327
244480
6700
234671
929399
915699
635033
309461
72552
800698
154296
329186
396095
65024
149332
541981
123724
901806
722489
958382
879712
6827
237030
726851
147434
725542
813279
561149
908986
831308
2841
706654
563593
270066
43733
74307
590659
363924
108110
593743
322707
904596
994243
541240
624164
287347
785755
583497
233813
337099
103622
544819
21928
760553
710246
453187
437510
221689
389950
249743
976715
882696
226535
656601
590464
878395
626062
89492
567406
599427
691837
174595
577810
847948
848596
383015
244625
899319
934175
531718
819862
254245
329512
416330
287623
398036
81587
639070
489512
197154
388968
774178
673812
657927
265909
373550
206758
648298
678483
956905
52369
840680
955037
53648
26736
572499
813274
567704
763313
540706
917572
221940
787686
247519
482687
605401
93452
896905
73759
394441
135244
4755
417619
647915
210625
330463
736622
686970
789470
863563
843845
961566
467622
506351
997203
478691
871026
781841
300145
821384
17209
366171
257813
522970
352890
495547
950153
577566
929650
330005
167197
165728
954041
169802
766818
253249
254141
14929
461524
581424
41497
334230
218399
708750
715558
67851
465107
186835
357117
825196
334883
657426
987925
960314
254752
642792
635592
707601
283745
68320
736012
842941
741657
104018
430000
398881
833961
740733
866463
807157
174752
627232
711359
467874
337154
85902
679866
151863
819396
897680
58569
831212
104816
400915
865174
502708
815336
684230
505152
319885
310482
170035
527867
881615
467828
683212
359200
838646
795772
178584
693283
74222
475834
661137
562936
590900
409222
474550
976510
892890
851196
56474
408289
91747
756782
463057
360249
182940
532701
450612
674895
941825
492910
668874
272056
669764
948925
568197
506932
584607
531161
952103
402364
994483
33790
716969
595184
519826
803176
212220
954701
535790
448715
827281
480759
695661
444973
865599
269499
865649
15276
501434
46844
52356
539463
631703
12906
936500
612296
733006
514926
439921
794071
413085
372011
347620
41236
206307
511869
382579
782396
304348
947878
288313
613839
336144
24263
412603
628795
15237
287806
5567
465888
458026
306438
946214
264808
243009
248212
893848
851020
828983
58576
924177
636330
779234
629553
554675
918482
349145
441291
689776
490426
386197
774683
423645
728741
164249
743112
826802
620713
728039
72062
812557
510855
559213
767268
930224
700202
891810
555206
464289
415511
802946
254169
532189
80505
283580
39813
968090
267634
854557
906007
656020
186320
934770
489937
632944
72477
91090
829873
720853
384108
503848
554644
666649
279097
466980
465793
769588
453838
508569
466541
758292
55119
765355
316106
242784
42751
573888
743592
411747
76698
851357
42565
771185
730001
730721
385616
627878
587591
87630
747592
709512
581122
50706
506893
783085
731233
322139
506078
384176
321201
152114
596263
801861
409730
108470
464137
277590
505664
362077
846139
971006
173680
68768
71225
621709
317602
570276
241829
993169
896713
559468
262026
123476
870518
59262
352587
127354
238680
49989
654511
794812
145415
846545
15788
514067
151371
874520
80579
109825
941132
323630
355631
32744
930687
267081
15686
961878
466828
227140
827794
289125
569165
840004
723862
143182
455522
227187
231423
580232
412761
915982
184534
319568
927600
668150
879880
934593
375808
373863
117550
723089
983187
247011
371652
575395
218031
918326
672816
35117
252302
664414
652816
404186
637557
933598
600952
182589
881684
533591
312486
352819
183801
331386
971371
20047
187220
82322
302627
701269
244148
53156
754189
120148
350856
433078
523662
708989
608326
136927
832374
145283
790916
496510
967261
157458
364395
508740
260531
522970
84722
763434
357733
651585
130231
908952
836749
397678
572436
530470
483417
777613
874443
613512
303887
81728
21014
344496
659480
465189
830596
860374
746739
477946
977186
701063
13532
151253
258677
141210
1453
196699
688378
281940
535466
593398
57690
768574
143631
339999
720456
266935
82916
430368
483290
378669
371514
175302
651231
505153
783759
837335
474369
279883
850639
171687
468602
580847
527051
873633
342499
807245
336407
121045
552268
59014
483807
370576
828124
92956
640940
316952
367888
445902
849042
457043
777431
913152
260639
13878
252631
649574
246463
70477
943786
521062
730871
639380
920979
975687
487229
50941
667652
626700
524154
481953
569733
943652
624179
665913
438891
933274
558281
827168
711092
458316
492945
663454
595359
890439
630767
764788
112737
122332
181341
201417
661697
574572
346035
139487
473807
724377
118445
250345
82228
856214
351746
367841
715692
188360
724777
317728
351860
264842
950677
94259
16529
518794
814980
591258
798915
211121
404556
908482
968326
527465
194406
848749
523766
476795
496254
597339
485607
376587
141027
732378
247218
132374
166754
653385
344493
223564
714052
234901
72515
292776
293287
13102
481115
502541
80685
495495
414890
371071
925048
247310
428279
627890
302411
252897
602569
740495
542906
676435
519279
154784
272220
553474
903116
964878
159499
133307
737764
682023
744179
561909
979051
7654
326137
346136
342572
32265
646761
572129
26632
79605
362897
164315
646435
494817
121326
566152
101700
35485
378346
99723
577454
166144
977168
918508
386519
479701
895274
906169
902265
673249
504539
93869
401485
991188
148844
169643
239780
815087
837041
435581
415638
127646
373591
132021
244438
907161
304812
392717
559870
119287
645638
220893
587848
864464
469893
783335
396730
412256
96569
8156
617739
307917
785196
941575
950747
471879
565347
570042
823126
229459
68475
846275
453166
505890
4683
471224
484594
958
232703
578739
305009
17800
208274
845665
138611
762078
964264
707331
12359
350563
675305
296870
734767
472276
290370
446539
97791
630689
678628
590178
614860
162075
227099
688173
241829
772969
853015
359778
692718
168779
949475
252352
158365
455963
869908
303080
463676
391771
174980
955930
957924
228407
15054
585115
722613
852571
701915
346027
2689
156698
735441
425607
119443
94789
294018
196316
507199
673614
471945
91385
930988
209142
352731
113715
388612
538416
344078
766784
678120
518692
68544
853163
120452
68506
503266
24689
467080
209451
992799
188102
593738
52775
221041
870890
183898
441525
221377
434360
239410
6821
28575
584388
920797
725930
631670
975053
915945
680169
473935
826323
263504
602268
864240
384197
316082
975674
313499
740174
318363
902384
990573
996659
896558
691236
203907
15879
608166
135192
58342
22118
584757
744013
210975
140552
215602
777802
955568
550692
766184
787263
701968
308429
803233
508121
285109
47877
306667
379985
437644
712720
388896
664072
190857
186466
613196
119511
930468
192008
5452
464601
327075
113100
987300
397207
385411
453861
623779
777607
412254
497102
774878
687434
789730
348308
967903
469978
58926
959260
66374
529939
968150
913839
101206
624867
820808
728204
951225
615810
669835
168579
912583
161376
648708
622048
580463
637174
3573
869302
881470
641799
196585
702935
541401
810779
787568
710932
750655
301587
669178
202159
298285
235622
630252
689192
985768
587179
152603
563505
702848
494783
808520
599055
150351
736867
619325
702479
828639
161608
259798
891657
575439
189853
48924
829063
633059
120417
254344
362327
952526
858633
356038
431679
201002
861874
564197
392378
728848
549897
66909
269991
573999
163185
195170
717346
433874
69070
935934
474220
418786
813285
998301
944291
315923
793674
943616
98616
39190
293157
727169
290859
917799
750647
367342
726756
485244
571449
357473
268725
470362
482799
866367
976313
763444
425542
735287
284100
232940
239534
772443
952
402037
948230
870397
377941
159480
277015
27465
337025
875263
150158
441122
578530
519356
302926
459567
692699
640453
818184
327031
589076
351726
350968
339065
527189
791883
39815
235961
782991
882363
620278
405643
517746
585292
53882
741731
729503
281845
64893
808209
262059
336983
337598
298980
722259
394030
768441
648808
813726
451392
90160
51516
33580
313706
389204
72010
898447
581049
523061
500590
867008
942333
210707
91175
908601
172827
617255
349503
230825
900778
582995
592999
23862
904390
257330
90947
205177
427956
789757
211752
55504
764748
902865
153489
325481
144270
626440
14615
862060
782815
207101
673612
54746
808766
224522
189517
433987
657891
243103
209695
567495
448918
907102
176873
994995
795963
247557
964375
317914
491923
110943
936656
717687
505734
42363
331660
114905
776439
660154
292166
901185
358291
544181
835227
676690
573660
926640
541950
708381
964311
22087
774298
887627
996632
662496
781237
810474
672718
13486
143496
229885
426722
539488
624324
536460
944690
58450
643107
112653
836142
680787
269303
375207
406927
662638
846129
71511
135443
720100
96545
927805
838092
148936
838536
60653
924872
173377
242335
657809
592315
307998
899144
310586
278503
158214
839083
37070
213684
7828
35508
473986
440062
746151
863496
934772
245614
172562
442227
32350
559324
482985
784129
347368
489016
790609
198097
186113
848018
862275
449731
817043
213154
862310
768487
700878
784126
787189
909761
136371
73116
447260
129366
432418
243493
305849
108520
186828
737789
221462
579374
503109
687647
155330
644272
8806
482248
204466
556356
352440
786737
899468
34782
450791
248479
566640
24746
134275
106507
695646
180659
995364
928317
676738
250235
183502
738188
975687
967935
609668
872529
799931
28095
524739
241
576039
201256
718016
879936
106426
681602
645753
590832
102393
309117
644280
170480
900869
396930
8238
819975
563891
512534
121729
96149
232651
710947
18618
800212
562085
398559
717962
593661
297306
218312
431531
724772
569800
90053
272598
632810
289133
814267
408645
612094
85058
453113
695386
164394
615207
39554
705460
145622
695219
33570
722372
321613
630939
343839
708767
487792
336495
663946
477802
878858
307337
334069
297404
197097
283997
932304
939397
221787
490121
324150
748969
627150
657462
954372
654675
332606
660859
752375
165156
436655
477831
140358
305959
544443
360269
282980
138356
89172
559814
897863
971738
68743
683846
658261
632192
471609
775623
462296
182037
549573
509974
617644
298633
10321
475004
296196
115443
148753
370683
450109
704353
913744
96744
748873
535457
915714
125189
996393
188987
420461
256799
917767
313820
445990
846395
167362
327936
181596
848200
902933
638462
82260
580498
294963
222383
156467
937900
896062
253750
161822
889861
882164
89180
650381
495709
795446
330673
64437
339298
568289
873250
373485
240476
288279
814632
64426
335949
376146
855172
649588
138684
591718
348476
240931
982877
557369
476596
153846
340595
294106
118465
950253
856556
602367
856152
808223
589120
987746
220793
614168
868408
231289
718507
713642
386563
634662
396335
828131
620541
432419
709222
247711
454387
856730
231281
43262
915841
864398
318068
706957
271177
591590
171303
326041
332583
188683
883466
122451
723933
805752
946920
949604
23708
148649
400684
127749
157874
206301
257707
820540
150931
461742
106477
8035
359888
142596
813017
995121
613829
841086
62804
309397
260794
139385
76863
788840
984068
712951
212285
637116
391578
752734
314615
233185
804929
446493
628059
521896
378742
690172
789178
883548
666278
162162
930694
482932
13945
386469
204301
232174
715155
435198
94803
666713
683065
476446
742667
230058
512117
460606
118029
690493
189871
856226
296433
671699
393507
496032
275053
569298
259428
274326
737872
446605
749798
648932
929280
855418
256413
644008
327763
911480
880169
324449
124852
369251
903496
518288
609200
886966
333473
900403
431663
150433
34934
419004
384468
32880
895748
445796
766017
508145
670533
961361
622647
605825
634429
549244
159581
299516
945155
965352
395590
853098
659422
573740
699313
815008
678892
995463
189949
546793
511186
904150
110990
899714
623101
20063
192884
412012
335991
3857
709020
189455
667421
131901
399128
453081
258500
346950
685175
590598
542958
521096
637062
431686
611834
542373
958912
382484
806773
142034
861444
833
935276
216428
61933
571391
142838
765592
310460
248529
899774
470058
779641
374924
264622
358072
374756
655111
571387
977295
522156
965741
954447
978266
276092
718106
672850
41287
647528
853535
24786
634056
903291
748543
753395
174323
209829
534153
236658
789952
403127
592617
426994
18241
854758
284778