999930
999855
999699
999666
999454
999326
999106
999055
998953
998808
998757
998647
998563
998485
998469
998405
998277
998221
998082
998031
997984
997848
997522
997440
997214
997211
997183
997039
996990
996864
996608
996583
996218
996167
996124
996122
995873
995702
995649
995510
995471
995177
995130
995125
995092
995088
995042
994951
994884
994535
994440
994416
994247
994233
994035
993950
993944
993888
993790
993687
993546
993352
993351
993252
993246
993027
993027
992833
992778
992753
992670
992380
992325
992287
992217
992126
991995
991978
991974
991768
991693
991620
991563
991562
991518
991443
991322
991230
991086
991065
990974
990925
990875
990775
990657
990560
990556
990495
990453
990338
990236
990090
989850
989786
989491
989473
989442
989431
989317
989210
989053
989017
988993
988896
988813
988701
988684
988622
988462
988392
988240
988208
988125
988084
988073
987876
987823
987594
987530
987495
987377
987374
987283
987213
987196
987181
987048
986972
986914
986752
986686
986466
986455
986375
986330
986307
986223
986064
986026
985963
985952
985912
985807
985706
985621
985409
985129
985080
984979
984781
984307
984282
984103
984080
984004
983969
983703
983667
983657
983638
983161
983158
983123
982851
982751
982509
982484
982471
982435
982420
982388
982252
982032
981918
981679
981669
981666
981534
981480
981429
981227
980961
980952
980900
980872
980794
980751
980707
980648
980404
980217
980110
979760
979713
979666
979401
979375
979213
979190
979104
978995
978959
978951
978825
978773
978770
978645
978469
978401
978397
978316
978315
978267
978170
978004
977799
977745
977735
977295
977118
977113
977071
977043
977039
976889
976852
976720
976644
976424
976252
975930
975888
975463
975423
975409
975254
975158
975060
974718
974684
974433
973952
973799
973788
973755
973717
973713
973669
973657
973622
973475
973208
973121
973052
972819
972810
972729
972634
972407
972406
972089
972068
972067
971999
971990
971925
971892
971825
971695
971679
971549
971240
971199
971187
971125
971044
970989
970881
970870
970671
970140
969710
969399
969376
969337
969309
969052
969007
968909
968886
968798
968649
968420
968393
968342
968325
968063
967960
967889
967826
967718
967685
967661
967606
967442
967401
967297
967241
967125
967011
966971
966753
966741
966612
966469
966408
966379
966345
966289
966158
966065
966047
966022
965871
965836
965690
965664
965647
965190
965179
965080
965075
964898
964737
964582
964506
964475
964268
964176
964089
964051
964013
963980
963777
963345
963034
962941
962664
962567
962519
962496
962486
962294
962151
961793
961460
961171
961032
960947
960923
960888
960879
960653
960640
960485
960455
960352
960096
960023
960016
959985
959959
959949
959894
959697
959379
959223
959184
959025
959000
958929
958911
958910
958894
958885
958823
958672
958671
958409
958365
958031
958009
957865
957646
957641
957540
957531
957515
957454
957444
957241
957100
957027
957004
956886
956858
956589
956558
956554
956539
956469
956433
956432
956352
956252
956245
956084
956082
956048
956022
956007
956007
955949
955936
955882
955762
955757
955403
955071
954951
954944
954925
954860
954813
954728
954596
954573
954300
954293
954254
954193
954039
953946
953930
953852
953776
953514
953463
953456
953357
953310
953262
953200
953118
953027
952981
952761
952516
952509
952456
952445
952322
952299
952186
952138
952110
951837
951787
951330
951251
951196
951073
951056
950952
950717
950585
949895
949829
949559
949478
949415
949305
949235
949219
949061
949047
948176
948111
948053
948015
947902
947377
947136
947027
947022
946770
946635
946600
946464
946205
946165
946102
946020
945881
945626
945609
945583
945574
945553
945421
945218
945185
945108
945100
945098
944773
944716
944677
944567
944397
944374
944363
944307
944213
944149
944011
943952
943812
943487
943483
943475
943462
943374
943286
943283
943253
943214
943166
943152
943096
943070
943000
942608
942545
942320
942317
942311
942307
942216
942077
941983
941901
941689
941680
941552
941510
941493
941479
941433
941413
941181
941074
941017
940878
940805
940769
940638
940595
940526
940449
940445
940444
940346
939873
939824
939659
939649
939643
939601
939558
939429
939314
939227
939210
939200
939180
939130
939097
939084
939083
939003
938848
938758
938738
938697
938668
938566
938473
938436
938231
938003
937843
937819
937817
937510
937495
937460
937442
937128
936945
936581
936513
936483
936109
935991
935814
935720
935607
935559
935524
935354
935290
935247
935196
935120
935066
934993
934840
934616
934501
934444
934365
934277
934185
933736
933636
933532
933339
933138
933051
933012
932925
932923
932718
932519
932310
932220
932161
932134
932064
932048
931869
931804
931753
931583
931458
931290
931257
931190
931092
931080
930540
930451
930206
930185
930172
930075
930075
930053
930032
930022
930001
929847
929787
929682
929675
929463
929417
929402
929390
929215
929214
929172
929078
928869
928817
928810
928725
928625
928549
928520
928461
928426
928387
928332
928210
928150
928020
927669
927632
927542
927483
927470
927422
927417
927396
927386
927366
927202
927006
926987
926892
926838
926722
926607
926499
926328
926212
926200
926180
926121
926114
926087
925882
925749
925508
925457
924911
924904
924788
924219
924146
923883
923656
923625
923598
923334
923112
922920
922852
922828
922331
921979
921825
921822
921622
921557
921540
920988
920864
920577
920557
920548
920331
920184
920014
919594
919524
919486
919458
919176
919120
919073
918987
918836
918819
918818
918657
918640
918611
918396
918355
918321
918072
918016
917879
917876
917841
917774
917701
917666
917280
917237
916970
916950
916939
916783
916754
916387
916323
916230
916109
916009
915978
915624
915562
915547
915397
915286
915262
915231
915198
915110
915040
915009
914911
914608
914467
914379
914251
914075
914003
913917
913880
913815
913756
913305
913240
913214
913177
912971
912937
912642
912633
912513
912375
912125
912099
912074
911922
911751
911558
911542
911468
911370
911301
911152
910999
910973
910796
910725
910625
910595
910470
910375
910342
910334
910107
910106
910019
909998
909823
909777
909772
909741
909634
909565
909415
908941
908863
908694
908667
908592
908572
908484
908457
908243
908161
908148
908027
907723
907658
907638
907343
907283
906989
906821
906811
906779
906707
906618
906573
906447
906439
906423
906139
906011
905756
905724
905450
905357
905301
905255
905254
905079
904871
904807
904743
904696
904571
904562
904396
904321
904125
904117
904103
904100
903744
903367
903176
903121
903023
902705
902605
902598
902467
902434
902398
902323
902262
902102
902089
902000
901910
901829
901765
901561
901378
901368
901313
901279
901030
901012
900978
900965
900795
900779
900643
900491
900407
900271
900181
900123
900039
900015
899808
899763
899706
899665
899546
899417
899401
899372
899282
899275
899263
899134
899101
898999
898974
898938
898855
898803
898750
898510
898491
898443
898391
898248
898039
897864
897474
897454
897449
897439
897395
897330
897206
897203
897085
897006
896913
896887
896754
896553
896411
896284
896243
896184
896160
895977
895947
895619
895492
895412
895330
895269
895191
895072
895022
894879
894774
894746
894722
894662
894513
894461
894377
894012
893976
893956
893830
893823
893759
893633
893424
893397
893386
893353
893318
893110
893060
893007
892978
892896
892860
892826
892671
892506
892499
892492
892374
892369
892129
891722
891596
891558
891534
891497
891335
891304
891202
891148
891058
890992
890838
890836
890719
890637
890615
890567
890485
890299
890239
890126
890072
890002
889959
889807
889672
889665
889498
889498
889444
889206
889108
889015
888725
888715
888706
888665
888583
888516
888480
888445
888395
887935
887781
887752
887718
887709
887693
887685
887562
887437
887124
886966
886883
886868
886829
886778
886409
886362
886308
886244
885954
885630
885551
885070
885042
885004
884962
884945
884675
884651
884590
884576
884277
883994
883982
883799
883731
883688
883657
883522
883476
883444
883441
883358
883239
883135
883119
883078
883058
883032
882972
882894
882843
882778
882654
882485
882477
882460
882268
882195
882078
881947
881811
881691
881598
881487
881461
881441
881422
881384
881312
881286
881036
880960
880861
880723
880505
880388
880372
880302
880287
880058
880026
879897
879862
879709
879450
879376
879347
879194
879190
879070
878986
878765
878530
878503
878427
878360
878318
878218
878148
878093
877873
877845
877772
877698
877668
877539
877497
877264
877202
877074
876505
876346
876207
876169
876115
875898
875832
875810
875780
875565
875453
875435
875317
875311
875012
874863
874767
874669
874586
874437
874359
874196
874118
873766
873470
873426
873272
873193
873174
873139
872768
872759
872658
872630
872562
872547
872546
872450
872283
872192
872106
871998
871903
871527
871488
871486
871451
871121
871109
871066
871008
871001
870995
870988
870914
870798
870754
870742
870561
870399
870392
870155
870125
870114
870103
870081
869994
869922
869859
869586
869582
869493
869434
869188
869182
868949
868789
868763
868746
868742
868731
868706
868569
868475
868459
868433
868335
868094
868042
868041
867939
867880
867845
867512
867298
867168
867101
867050
867028
866752
866597
866591
866529
866382
866079
865836
865802
865642
865625
865569
865432
865413
865354
865179
865123
865031
864997
864524
864377
864360
864242
864211
864124
864104
864067
864039
863899
863783
863775
863356
863344
863311
863256
863064
862806
862762
862742
862642
862575
862464
862395
862246
862179
862018
862003
861983
861826
861696
861472
861262
861192
861191
861174
861143
860960
860829
860685
860681
860664
860583
860498
860466
860320
860286
860256
860198
860176
860099
859979
859938
859932
859752
859732
859495
859428
859416
859374
859364
859259
858651
858625
858565
858523
858475
858420
858313
858211
858121
858106
858079
857954
857876
857833
857621
857554
857447
857425
857395
857314
856989
856914
856744
856633
856612
856550
856541
856339
856330
856166
856122
856037
855953
855802
855790
855600
855464
855429
855395
855169
855095
854948
854850
854512
854452
854414
854370
854343
854339
854116
854033
853658
853577
853539
853420
853387
853315
853020
852999
852945
852663
852633
852470
852417
852365
852325
852319
852255
852233
852150
852117
852044
852011
851887
851724
851615
851520
851503
851500
851494
851443
851183
850987
850968
850928
850900
850891
850879
850759
850490
850343
850312
850179
850177
850067
850054
849774
849653
849553
849526
849517
849510
849404
849358
849296
849260
849252
849208
849160
849047
848890
848682
848637
848526
848354
848333
848266
848078
847965
847926
847919
847905
847755
847720
847458
847429
847263
847224
846882
846817
846759
846660
846534
846515
846413
846325
845882
845447
845433
845380
845304
844912
844786
844732
844578
844426
844413
844388
844337
844263
844245
844230
844186
844068
844021
843981
843960
843842
843835
843647
842789
842743
842737
842439
842365
842061
841925
841873
841865
841842
841820
841761
841515
841511
841382
841235
841199
841144
840974
840961
840919
840901
840862
840791
840684
840657
840605
840602
840555
840537
840530
840529
840054
840045
839912
839890
839729
839562
839544
839505
839443
839264
839218
839157
838840
838822
838767
838738
838679
838596
838545
838526
838492
838157
838061
838012
837879
837700
837699
837668
837577
837565
837526
837465
837429
837224
837107
837016
836984
836918
836889
836815
836634
836424
836385
836276
836273
836263
836192
836115
836111
836111
835833
835715
835681
835651
835400
835322
835160
835073
834997
834980
834971
834852
834595
834462
834457
834393
834332
834259
834259
834147
834090
834058
834043
834019
834011
833980
833944
833866
833854
833694
833665
833401
833382
833333
833328
833318
833164
833099
832993
832721
832714
832546
832516
832396
832358
832251
832087
832015
831803
831796
831735
831540
831485
831423
831348
831252
831140
831093
830789
830772
830613
830515
830510
830499
830337
830292
830277
830257
830079
830028
829867
829830
829741
829726
829570
829558
829549
829377
829366
829288
829284
829222
829196
829140
829101
828967
828919
828906
828825
828668
828591
828499
828415
828234
828234
828155
828135
828104
828020
827747
827695
827668
827594
827329
827190
826913
826833
826647
826504
826413
826288
826140
825583
825578
825347
825346
825201
825161
825064
825052
824993
824989
824986
824859
824816
824726
824713
824676
824527
824353
824264
824217
824122
824091
824041
823994
823747
823709
823624
823301
823139
823049
823039
822843
822838
822488
822474
822460
822448
822436
822153
822053
822034
822033
821714
821573
821455
821430
821155
821100
821070
820905
820865
820861
820804
820804
820798
820771
820757
820634
820503
820430
820119
820090
820084
820028
819934
819933
819922
819911
819881
819749
819654
819636
819515
819428
819197
819168
819151
819054
818972
818854
818846
818731
818613
818577
818548
818440
818260
818241
818099
818049
818019
817778
817608
817545
817445
817444
817416
817371
817367
817349
817322
817151
817139
817055
816919
816867
816806
816695
816629
816564
816429
816418
816287
816267
816167
815948
815907
815757
815671
815623
815621
815603
815593
815427
815222
815213
815103
815099
814950
814743
814567
814531
814296
814220
814176
813916
813909
813854
813681
813257
813093
813082
813004
812986
812976
812943
812931
812882
812872
812799
812731
812408
812395
812363
812266
812233
812233
811923
811898
811841
811737
811609
811531
811308
811252
811163
810923
810849
810724
810623
810593
810591
810520
810507
810352
810223
810178
810019
809997
809762
809677
809614
809562
809499
809473
809431
809423
809375
809343
809257
809143
808986
808772
808709
808594
808487
808315
808310
808266
808089
808045
807701
807549
807508
807401
807363
807343
807322
807296
807289
807147
806943
806907
806861
806720
806691
806662
806648
806457
806379
806327
806299
806017
805943
805926
805873
805863
805854
805759
805633
805626
805596
805461
805391
805298
805229
805203
805142
805056
804910
804885
804859
804817
804750
804716
804482
804302
804178
804053
803893
803770
803362
803028
802804
802590
802565
802502
802350
802290
802233
801912
801788
801741
801585
801544
801530
801432
801427
801328
801313
801303
801293
801126
801073
801064
801007
800933
800898
800894
800661
800595
800582
800531
800528
800507
800405
800349
800298
799941
799833
799689
799664
799639
799553
799422
799247
799239
799116
799056
798742
798725
798720
798619
798524
798365
798193
798092
798022
797991
797776
797587
797523
797489
797462
797316
797305
797130
797050
796908
796859
796751
796697
796545
796500
796462
796313
796275
796215
796188
796088
795852
795808
795805
795755
795691
795679
795645
795595
795329
795321
794796
794763
794597
794458
794288
794218
794192
794147
794027
793794
793502
793431
793358
793332
793132
792953
792643
792477
792413
792408
792268
792123
792077
791989
791935
791920
791818
791775
791736
791600
791437
791377
791364
791074
791042
790682
790266
790198
790072
790035
790029
789892
789848
789830
789598
789443
789430
789285
789262
789253
788871
788867
788762
788739
788647
788513
788205
787977
787753
787711
787643
787623
787352
787296
787244
787239
787236
787135
786900
786784
786736
786735
786729
786705
786467
786362
786326
786270
786011
785937
785720
785597
785565
785543
785413
785374
785185
785057
785055
785053
785005
784821
784448
784349
784316
784270
784221
784208
784092
784081
784063
784056
783960
783889
783662
783475
783474
783353
783336
782437
782421
782333
782066
782014
781826
781588
781164
781063
780955
780806
780761
780687
780672
780325
780279
780227
780226
780084
780037
779982
779701
779653
779615
779613
779594
779352
779304
779196
779123
779096
779032
778974
778738
778732
778614
778567
778334
778318
778316
778281
778214
778204
778163
777789
777632
777558
777529
777415
777365
777341
777274
777269
776881
776799
776790
776750
776652
776649
776464
776402
776400
776390
776299
776227
776129
776072
775928
775854
775797
775793
775771
775736
775532
775348
775338
775320
775288
775077
775067
774811
774698
774672
774653
774498
774496
774448
774366
774276
774178
774158
774008
774000
773689
773400
773316
773300
773268
773255
773223
773215
773144
772821
772787
772757
772748
772617
772614
772562
772382
772244
772219
772180
771763
771713
771616
771563
771534
771487
771326
771319
771218
771166
770729
770580
770403
770225
770079
769992
769923
769765
769758
769736
769728
769711
769677
769540
769482
769442
769132
769106
768972
768837
768691
768650
768610
768576
768529
768517
768391
768159
768130
768049
768009
767750
767544
767541
767428
767325
767206
767125
767049
766973
766774
766722
766673
766482
766317
765864
765649
765631
765627
765596
765387
765162
765144
765074
765052
765018
764656
764653
764648
764629
764627
764542
764399
764346
764222
764190
763989
763964
763937
763872
763855
763732
763725
763598
763545
763296
763281
762964
762871
762832
762829
762716
762651
762600
762540
762497
762310
762267
762156
762056
762016
761950
761772
761756
761755
761751
761489
761384
761169
760339
760286
760152
760011
760007
760007
759843
759794
759702
759597
759529
759517
759502
759421
759388
759306
759153
758942
758712
758603
758451
758445
758365
758306
758306
758150
758138
758130
758102
758020
757812
757763
757645
757617
757562
757518
757470
757455
757384
757333
757116
756961
756935
756798
756780
756624
756584
756562
756442
756302
756288
756265
756092
756068
755993
755944
755828
755542
755483
755470
755291
755260
755098
755057
754938
754855
754641
754633
754331
754269
754202
754175
754118
754086
753963
753955
753865
753784
753721
753660
753648
753597
753549
753508
753291
753130
753104
753058
753053
753048
752915
752828
752822
752509
752190
752179
751949
751871
751662
751273
751244
750847
750736
750628
750580
750064
749929
749688
749608
749600
749535
749397
749367
749252
749080
749050
749001
748966
748853
748806
748792
748735
748717
748678
748670
748649
748566
748313
748109
748029
747990
747866
747777
747765
747685
747537
747523
747495
747492
747435
747379
747358
747349
747296
747078
746994
746887
746791
746492
746281
746196
746161
745907
745897
745824
745811
745623
745551
745491
745392
745290
745271
745224
744942
744833
744749
744749
744741
744730
744286
744259
744130
744012
743968
743964
743814
743668
743614
743578
743503
743494
743277
743230
743093
742953
742770
742683
742614
742583
742542
741988
741983
741909
741897
741305
741188
741167
741046
740931
740810
740782
740741
740669
740461
740415
740397
740042
739803
739717
739639
739607
739569
739464
739365
739247
739178
739115
738991
738971
738964
738308
738127
738084
737953
737883
737841
737753
737643
737522
737274
737165
736853
736791
736445
736406
736356
736344
736305
736271
736263
735814
735714
735647
735600
735591
735547
735488
735173
735130
735125
735067
735038
735022
734537
734472
734425
734390
734319
734219
734202
734137
734107
734101
733982
733785
733690
733677
733606
733567
733440
733376
733155
732847
732722
732704
732640
732597
732519
732447
732293
732244
732134
732046
731838
731809
731535
731443
731408
731316
731189
731022
731000
730876
730866
730757
730682
730637
730582
730524
730476
730462
730422
730327
730277
730115
730089
730034
730020
729955
729890
729853
729645
729525
729410
729215
729080
729070
729023
728887
728880
728878
728780
728633
728591
728493
728486
728470
728192
728165
728038
728029
727828
727686
727684
727597
727567
727514
727455
727411
727386
727341
727255
727050
726852
726835
726811
726718
726685
726425
726310
726273
725616
725490
725425
725388
725383
725369
725210
725128
725113
725004
724815
724794
724628
724595
724337
724139
724095
724031
723848
723651
723397
723300
723141
723029
722940
722933
722926
722870
722822
722734
722626
722326
722283
722266
722188
722109
722091
721939
721835
721829
721629
721530
721384
721203
721053
720987
720936
720792
720661
720611
720600
720598
720552
720527
720461
720457
720326
720140
720116
720053
719962
719880
719809
719795
719712
719405
719341
719287
719204
719176
719115
719093
718741
718690
718549
718341
718205
718113
718082
718067
718000
717976
717805
717804
717719
717708
717693
717628
717535
717472
717368
717346
716929
716814
716779
716713
716690
716623
716521
716456
716322
716238
716152
715948
715667
715641
715631
715225
715140
715131
715019
714806
714634
714587
714528
714467
714199
714195
714073
714048
713995
713742
713577
713419
713363
713308
713254
713127
713105
713053
713005
712912
712792
712587
712422
712402
712345
712335
712273
712236
711958
711941
711910
711888
711736
711482
711385
711322
711285
711201
711032
711004
710991
710934
710831
710772
710527
710442
710119
710108
710034
709917
709865
709860
709841
709801
709793
709645
709560
709557
709519
709490
709387
709313
709154
709095
709051
708990
708966
708939
708928
708861
708854
708690
708643
708560
708557
708437
708304
708278
708257
708064
707995
707959
707892
707853
707757
707644
707588
707482
707453
707376
707231
707157
707079
706596
706546
706470
706465
706410
706129
706053
705815
705795
705758
705548
705546
705426
705391
705267
705209
705136
705108
705104
705099
704983
704917
704910
704905
704813
704813
704768
704676
704675
704667
704621
704599
704573
704568
704555
704438
704376
704329
704328
704196
704187
704186
704041
704040
704034
703974
703885
703853
703743
703726
703673
703439
703281
703254
703074
703019
702907
702889
702700
702574
702569
702369
702341
702062
701957
701944
701912
701504
701480
701335
701325
701234
700931
700922
700566
700556
700524
700350
700313
700299
700064
700048
699966
699684
699406
699139
699138
699096
699019
698958
698836
698730
698587
698440
698422
698168
698120
698035
697669
697654
697652
697566
697480
697394
697344
697133
697079
696911
696896
696880
696803
696684
696622
696594
696442
696198
696182
696175
696111
696087
695888
695788
695787
695746
695614
695512
695347
695255
695066
694977
694971
694944
694837
694746
694520
694458
694364
694328
694259
694139
694136
694113
694024
693729
693718
693651
693459
693331
693293
693000
692955
692713
692594
692556
692463
692453
692203
692033
691856
691771
691741
691717
691670
691572
691551
691541
691535
691500
691423
691405
691404
691340
691294
691156
691138
691069
691000
690982
690981
690896
690146
690113
690074
690053
689972
689940
689885
689868
689582
689382
689298
689295
688993
688562
688516
688493
688465
688443
688323
688220
688193
688176
687825
687823
687778
687634
687585
687438
687370
687300
687279
687221
687090
687042
687029
687009
686928
686906
686781
686733
686621
686581
686537
686365
686193
685952
685947
685893
685842
685824
685223
685059
685023
684915
684770
684710
684692
684652
684531
684530
684499
684495
684488
684408
684404
684393
684179
683867
683770
683756
683579
683496
683447
683363
683278
683076
683048
683045
683037
682902
682783
682744
682729
682649
682503
682453
682414
682251
682213
681873
681580
681480
681061
681024
680975
680909
680637
680466
680307
680084
680058
680021
679885
679794
679576
679504
679469
679384
679336
679184
679138
679057
679019
678787
678322
678015
677975
677857
677348
677307
677292
677107
677078
677075
676987
676973
676888
676880
676843
676831
676418
676023
675869
675652
675554
675423
675311
675251
675213
674865
674817
674624
674623
674527
674440
674309
674122
674089
673827
673806
673571
673519
672741
672528
672509
672498
672311
672231
671810
671805
671321
671263
671105
670945
670904
670732
670717
670621
670487
670372
670305
670287
669995
669962
669919
669682
669638
669613
669604
669548
669472
669464
669229
669221
669205
669059
668749
668679
668678
668481
668430
668405
668303
668267
668214
668060
667846
667812
667750
667460
667436
667298
667167
667063
666979
666901
666813
666747
666648
666512
666496
666347
665993
665984
665899
665797
665719
665712
665530
665329
665279
665274
665168
664960
664929
664827
664822
664777
664758
664747
664708
664708
664364
664284
664265
664239
664237
664221
664111
663970
663866
663857
663795
663773
663709
663662
663465
663270
663025
663006
662998
662969
662850
662766
662623
662593
662492
662464
662400
662395
662049
662025
661993
661954
661673
661617
661542
661487
661322
661302
661239
661092
660889
660788
660582
660435
660334
660215
659908
659826
659734
659729
659620
659577
659195
658818
658728
658717
658687
658619
658529
658450
658380
658363
658352
658249
658181
658027
657940
657921
657779
657776
657498
657462
657261
657125
657068
656940
656836
656815
656781
656669
656571
656343
656223
656162
656085
656043
655940
655768
655499
655443
655240
655224
655072
655059
655026
655023
654999
654767
654736
654401
654136
654085
653924
653729
653643
653615
653411
653302
653247
653191
653124
652897
652896
652816
652777
652442
652436
652410
652398
652332
652083
651950
651795
651782
651527
651495
651380
651246
651212
651151
650864
650856
650709
650707
650705
650426
650339
650153
650037
649887
649630
649597
649484
649380
649341
649277
649175
649097
649026
648994
648941
648752
648719
648651
648648
648634
648470
648352
648170
647696
647693
647574
647472
647435
647369
647302
647296
647294
647230
647216
646937
646788
646663
646661
646659
646303
646272
646255
646132
646046
645946
645838
645648
645473
645357
645353
645282
645200
644825
644754
644475
644444
644417
644365
644278
644095
644009
644000
643932
643892
643749
643544
643536
643512
643462
643459
643438
643405
643257
643208
643193
643173
643098
642966
642965
642882
642873
642825
642743
642554
642485
642255
642199
641970
641914
641721
641710
641538
641508
641486
641440
641380
641350
641301
641034
640880
640756
640654
640365
640277
640173
640061
639994
639809
639659
639651
639649
639518
639398
639225
639082
638932
638926
638857
638719
638671
638557
638521
638513
638502
638433
638405
638304
638207
638169
638073
637924
637913
637859
637836
637830
637809
637772
637765
637611
637400
637321
637201
636941
636806
636626
636509
636491
636406
636364
636346
636336
636287
636208
636200
636153
636026
636019
635962
635948
635650
635646
635613
635481
635353
635179
635170
634958
634866
634859
634847
634843
634788
634745
634743
634654
634588
634345
634103
634004
633972
633941
633823
633819
633759
633736
633724
633485
633433
633421
633398
633395
633384
633250
633200
632910
632754
632666
632638
632621
632613
632556
632268
632220
632138
632078
631985
631911
631854
631353
631313
631061
630860
630696
630631
630534
630501
630492
630389
630340
630311
630101
629961
629815
629742
629606
629507
629393
629318
629279
629257
629035
628967
628751
628730
628646
628638
628551
628456
628190
628091
628083
627773
627693
627654
627309
627228
627136
627041
626653
626516
626483
626453
626401
626267
626222
626176
626152
626138
626054
625985
625836
625808
625664
625526
625463
625254
625214
625090
624947
624917
624898
624529
624396
624288
624138
624054
623990
623848
623834
623804
623798
623659
623253
623067
622952
622923
622884
622737
622645
622615
622309
622304
621967
621930
621908
621825
621811
621753
621752
621704
621651
621648
621458
621451
621360
621208
621071
620954
620409
620209
620129
619693
619628
619579
619430
619401
619346
619260
619257
619232
619193
619113
618999
618601
618601
618566
618540
618430
618203
618120
618081
618054
617999
617991
617925
617710
617585
617292
617045
616971
616865
616804
616700
616656
616577
616521
616440
616371
616348
616248
616130
615851
615755
615685
615684
615670
615395
615361
615231
615202
615192
615150
615082
615043
614933
614833
614714
614587
614436
614428
614340
614291
613868
613852
613741
613530
613471
613353
613333
613293
613278
613161
612985
612928
612857
612834
612832
612748
612675
612580
612433
612422
612334
612244
612132
612038
612036
611994
611953
611917
611906
611851
611780
611485
611256
611182
611100
611073
611008
610850
610706
610700
610670
610383
610344
610285
610160
610158
610148
610113
609957
609739
609532
609469
609312
609226
609086
608768
608730
608407
608305
608291
608011
607855
607789
607622
607603
607567
607544
607447
607389
607376
607366
607174
607142
607141
606986
606739
606706
606691
606553
606442
606215
606046
606032
605702
605694
605620
605565
605535
605463
605363
605276
605256
605126
605110
605041
605029
604840
604823
604709
604554
604516
604513
604469
604448
604075
604056
604015
603953
603793
603574
603209
603200
603145
602919
602898
602778
602710
602628
602605
602577
602479
602424
602330
602287
602260
601935
601830
601706
601681
601676
601570
601476
601452
601359
601355
601344
601228
601093
600871
600448
600396
600177
600139
600059
599847
599700
599504
599402
599336
599298
599284
599272
599245
599011
598933
598912
598904
598846
598781
598739
598607
598523
598303
598070
598002
597908
597741
597608
597599
597394
597297
597143
597139
597072
596991
596957
596913
596893
596461
596321
596213
596209
596194
596071
596010
595967
595860
595578
595467
595374
595286
595169
595106
595050
594901
594879
594873
594834
594790
594737
594518
594511
594364
594298
594168
594161
594100
593968
593747
593671
593408
593380
593333
593077
593038
592669
592609
592572
592426
592387
592285
592158
592132
592008
591966
591919
591916
591811
591731
591267
590998
590995
590870
590817
590742
590707
590585
590535
590527
590495
590392
590357
590296
590177
590173
590173
590067
590049
590037
589983
589835
589823
589677
589647
589396
589334
589334
589331
589287
589209
589180
588995
588826
588592
588469
588446
588429
588410
588289
588163
588161
588071
587931
587919
587614
587588
587539
587532
587445
587430
587370
587349
586953
586790
586602
586451
586425
586408
586380
586364
586127
586095
585892
585844
585594
585443
585362
585122
585091
585034
584964
584859
584728
584536
584534
584514
584400
584281
584260
584040
583818
583774
583729
583713
583686
583641
583582
583581
583489
583470
583419
583115
583050
583046
582864
582856
582780
582627
582418
582404
582343
582320
582231
582202
582179
582175
582139
582130
581941
581920
581803
581355
581200
581168
581045
580994
580914
580841
580787
580779
580778
580632
580579
580575
580137
580098
580080
580080
579957
579935
579828
579808
579634
579536
579462
579217
578913
578781
578766
578740
578696
578676
578622
578559
578513
578443
578401
578353
578332
578301
578227
578081
577830
577820
577668
577646
577629
577581
577471
577300
577259
577204
577203
577081
577070
577044
576815
576778
576459
576431
576425
576159
576108
576055
575928
575847
575824
575788
575742
575716
575654
575618
575605
575579
575536
575523
575490
575490
575360
575166
575095
574876
574861
574766
574624
574608
574536
574529
574469
574450
574394
574236
574130
573983
573941
573805
573734
573673
573561
573459
573218
573175
573078
573004
572878
572816
572801
572798
572622
572479
572446
572433
572426
572328
572259
572198
572001
571802
571747
571734
571631
571420
571366
571354
571224
571190
570952
570720
570678
570657
570656
570633
570632
570540
570484
570475
570467
570391
570170
569965
569875
569870
569846
569792
569402
569382
569275
569238
569072
569071
568974
568838
568812
568723
568554
568418
568413
568290
568165
568161
568001
567982
567901
567811
567797
567712
567695
567590
567570
567517
567443
567435
567430
567350
567304
567275
566932
566747
566684
566595
566503
566452
566290
566286
566000
565996
565775
565705
565692
565662
565556
565518
565175
565099
564926
564743
564671
564639
564570
564466
564464
564444
564294
564103
563987
563896
563874
563857
563776
563708
563614
563297
563182
563144
562968
562896
562824
562818
562712
562699
562690
562670
562620
562146
562024
561884
561851
561638
561429
561390
561134
561080
561041
560986
560879
560779
560778
560522
560521
560442
560352
560271
560184
560114
560100
560088
560081
560026
559979
559654
559599
559495
559282
559075
558929
558599
558523
558486
558450
558439
557917
557831
557814
557721
557707
557643
557629
557591
557497
557360
557343
557232
557046
556905
556759
556530
556512
556190
556049
556003
555995
555894
555831
555750
555717
555702
555629
555588
555479
555401
555238
555212
555094
554913
554888
554732
554602
554476
554380
554303
554227
554211
553908
553701
553470
553363
553361
553305
553189
553133
553095
552895
552774
552757
552662
552643
552530
552481
552480
552378
552376
552334
552223
551944
551913
551573
551429
551416
551253
551133
550871
550863
550817
550787
550737
550304
549881
549771
549672
549661
549644
549536
549482
549480
549300
549168
549075
549060
548909
548752
548670
548637
548620
548519
548485
548368
548133
548078
547905
547815
547691
547146
547019
546991
546946
546772
546758
546644
546541
546486
546407
546359
546358
546301
546290
546181
546070
546067
545960
545928
545768
545670
545290
545145
545006
544970
544867
544826
544810
544694
544664
544639
544625
544582
544452
544208
543972
543594
543482
543431
543327
543226
542942
542866
542802
542802
542780
542692
542654
542640
542636
542384
542272
541981
541946
541943
541722
541495
541457
541357
541355
541256
541152
541133
541099
541096
540792
540762
540631
540519
540496
540432
540306
540258
540177
540106
540038
539814
539782
539673
539545
539451
539193
539152
539076
538864
538801
538800
538756
538717
538681
538565
538534
538466
538412
538395
538342
538308
538063
538016
538004
537519
537152
536877
536847
536749
536605
536584
536566
536543
536397
536255
536214
535997
535958
535837
535725
535700
535515
535503
535387
535351
535313
535299
535077
535077
535053
534933
534901
534859
534812
534749
534520
534338
534282
534094
533909
533771
533732
533713
533646
533562
533374
533372
533263
532991
532852
532844
532829
532634
532629
532508
532436
532397
532374
532229
532175
532109
532078
532071
532056
532036
531878
531782
531686
531536
531519
531411
531386
531292
530972
530883
530721
530663
530624
530591
530519
530254
530231
530222
530150
530121
529948
529889
529751
529728
529661
529649
529631
529435
529305
529122
529020
528982
528944
528930
528901
528885
528877
528867
528799
528780
528770
528756
528742
528277
528152
528124
528097
527934
527899
527891
527626
527367
527351
527321
527216
526817
526786
526750
526695
526523
526349
526293
526154
526008
525956
525834
525659
525381
525227
525051
524922
524872
524806
524802
524701
524686
524632
524623
524472
524463
524366
524312
524274
524108
523937
523780
523772
523696
523689
523447
522981
522944
522837
522784
522562
522560
522411
522371
522211
522160
522062
522013
521660
521589
521490
521207
521019
520930
520478
520436
520257
520212
519925
519768
519675
519611
519593
519591
519419
519280
519256
519176
519161
519021
518891
518776
518617
518507
518425
518338
518292
518266
518119
517960
517955
517927
517901
517869
517757
517726
517682
517501
517456
517409
517393
517323
517286
517046
516999
516813
516624
516480
516420
516367
516363
516338
516059
516005
515968
515910
515815
515786
515725
515537
515388
515073
515029
515003
514928
514338
514329
514237
514079
514017
513906
513801
513787
513659
513595
513428
513285
513273
513217
513149
513093
512964
512702
512630
512371
512210
512130
512102
512095
511868
511845
511671
511612
511583
510985
510803
510504
510479
510476
510137
510121
510056
510026
509938
509829
509744
509679
509645
509554
509506
509418
509247
509221
508996
508956
508946
508918
508730
508626
508581
508492
508375
508300
508239
508187
508033
507917
507878
507807
507754
507733
507676
507632
507587
507431
507419
507353
507322
507322
507098
506997
506969
506962
506895
506865
506863
506706
506619
506589
506486
506409
506290
506288
506195
506124
505994
505986
505962
505896
505883
505810
505771
505663
505662
505636
505408
505365
505173
505143
505078
505007
504783
504606
504539
504496
504412
504307
504304
504164
504148
504146
504145
503994
503966
503947
503666
503665
503593
503502
503429
503380
503301
503055
502924
502889
502888
502842
502772
502622
502459
502452
502411
502147
502084
501965
501835
501743
501375
501336
501192
501005
500943
500877
500781
500679
500644
500595
500369
500275
500274
500089
500077
500064
499930
499848
499669
499587
499493
499412
499311
499139
499056
499006
498742
498738
498710
498683
498640
498480
498450
498335
498285
498243
497904
497713
497589
497570
497468
497434
497394
497178
497149
497046
497042
496783
496628
496561
496507
496361
496280
496272
496212
496110
496016
495948
495862
495791
495786
495722
495662
495508
495363
495273
495209
495091
495034
495002
494984
494963
494883
494712
494581
494527
494375
494300
494228
494224
494075
493513
493510
493312
493172
493129
493026
492946
492944
492859
492848
492764
492567
492559
492306
492202
491990
491980
491826
491725
491710
491443
491231
491027
491011
490930
490851
490177
489987
489963
489897
489885
489753
489705
489439
489245
489153
489067
489049
488930
488825
488805
488707
488580
488451
488408
488167
487572
487532
487345
487311
487292
487065
486836
486785
486643
486544
486520
486448
486434
486395
486294
486280
486181
486102
486076
485977
485915
485690
485592
485536
485522
485517
485382
485371
485255
485112
485019
484895
484871
484864
484687
484677
484491
484465
484428
484242
484217
484187
484120
484085
484078
483965
483944
483884
483809
483809
483759
483683
483634
483472
483146
483136
483082
482954
482934
482933
482659
482656
482163
482094
482058
481891
481887
481626
481581
481577
481520
481182
481143
481087
480981
480947
480869
480831
480746
480590
480523
480391
480389
480271
480204
480104
480038
480009
479906
479899
479874
479706
479582
479567
479520
479471
479388
479216
479178
479166
478758
478693
478603
478359
478293
478030
477842
477827
477824
477757
477681
477629
477576
477527
477525
477382
477359
477223
477157
477131
477054
477053
477002
476915
476840
476822
476784
476604
476588
476480
476459
476405
476291
476179
476061
475725
475634
475628
475429
475164
475028
474936
474883
474773
474733
474599
474456
474444
474434
474429
474404
474365
474294
474222
474100
473917
473815
473763
473643
473578
473533
473531
473490
473490
473220
473153
472994
472870
472803
472450
472413
472393
471911
471889
471844
471826
471772
471590
471585
471475
471147
471106
471064
471064
470877
470857
470763
470495
470429
470373
470370
470330
470328
470317
470284
470076
469804
469799
469767
469758
469647
469422
469332
469309
468983
468958
468897
468765
468524
468416
468267
468152
467901
467832
467759
467758
467754
467701
467403
467253
467190
467138
467112
466890
466855
466794
466764
466684
466673
466659
466496
466435
466394
466222
466145
466140
465975
465973
465912
465864
465762
465649
465408
465316
465283
465259
465195
464983
464875
464704
464601
464507
464294
464241
464195
463989
463784
463538
463394
463376
463303
463108
463088
462937
462820
462692
462653
462557
462539
462522
462511
462389
462068
461598
461597
461484
461402
461346
461340
461332
461221
461149
460849
460809
460782
460679
460651
460646
460597
460266
460198
460189
460154
460088
459966
459951
459851
459316
459276
459265
459232
459031
458997
458883
458862
458760
458711
458599
458575
458493
458230
458227
458200
458189
458172
458127
458122
458099
458040
457983
457933
457857
457783
457579
457488
457433
457019
456999
456666
456502
456355
456340
456311
456285
456250
456149
456058
456008
455801
455792
455719
455675
455631
455586
455283
455146
454986
454953
454900
454774
454719
454704
454604
454580
454482
454460
454402
454258
454183
454092
454055
454039
453985
453837
453755
453753
453688
453625
453578
453448
453287
453272
453250
453223
453129
452793
452580
452580
452334
452135
452051
451815
451678
451600
451534
451469
451452
451427
451393
451316
451297
451206
451204
450965
450886
450801
450648
450434
450303
450077
450032
450031
450011
449950
449949
449925
449902
449818
449705
449599
449305
449064
449039
448951
448922
448874
448746
448464
448456
448352
448338
448264
448242
448079
447784
447780
447687
447466
447383
447114
446991
446943
446876
446740
446718
446715
446617
446581
446249
446003
445993
445943
445901
445851
445851
445449
445410
445135
444832
444807
444751
444712
444505
444465
444410
444342
444283
444207
444195
444172
444165
444162
444046
443843
443786
443695
443608
443446
443419
443197
443189
443170
443050
442738
442586
442551
442539
442337
442259
442227
442209
441996
441969
441911
441841
441731
441709
441635
441527
441464
441464
441433
441307
441106
440811
440744
440653
440584
440575
440361
440341
440265
440240
440091
440052
440017
439931
439879
439845
439741
439405
439363
439234
439167
439054
438888
438693
438655
438408
438337
438272
438267
438127
438054
438050
438010
437880
437639
437493
437238
437154
436990
436908
436787
436615
436608
436576
436516
436276
436044
435762
435723
435616
435534
435408
435365
435348
435341
435338
435320
435286
435113
434964
434706
434529
434483
434417
434315
434287
434190
434031
433930
433834
433596
433083
433011
432792
432776
432717
432563
432349
432303
432166
432045
431833
431667
431550
431509
431238
431153
431100
430984
430975
430955
430929
430810
430752
430663
430544
430514
430397
430375
430343
430321
430234
430209
430167
429988
429952
429836
429817
429461
429207
428953
428930
428894
428871
428760
428649
428533
428433
428260
428132
428110
427980
427908
427859
427822
427782
427753
427717
427708
427651
427529
427457
427429
427357
427348
427154
427024
426975
426932
426929
426927
426872
426845
426837
426813
426772
426555
426507
426274
426222
426088
426064
426004
426000
425686
425665
425544
425374
425298
425293
425231
424782
424737
424731
424730
424723
424261
424157
424081
424016
423868
423682
423668
423667
423524
423297
423264
423198
423004
423001
422973
422973
422970
422833
422520
422480
422451
422235
422175
422154
422052
421980
421872
421839
421691
421680
421537
421369
421343
421285
421262
421097
420916
420854
420849
420732
420701
420476
420432
420290
420289
419983
419848
419845
419747
419709
419706
419669
419643
419378
419301
419091
419056
419010
418998
418831
418611
418412
418316
418294
418166
417890
417851
417716
417637
417625
417442
417287
417224
416872
416806
416769
416750
416695
416667
416540
416384
416321
416273
416254
416218
416185
416096
415945
415890
415599
415597
415504
415265
415175
415021
414997
414692
414688
414404
414380
414290
414225
414179
414149
414133
414036
414019
413931
413898
413801
413638
413502
413413
413347
413321
413037
412981
412823
412808
412766
412519
412488
412475
412106
412087
412021
411956
411863
411506
411207
411165
411021
410956
410808
410582
410346
410076
410055
409910
409398
409374
409332
409322
409088
408991
408967
408806
408797
408683
408664
408424
408419
408399
408385
408032
407957
407867
407395
407392
406689
406647
406391
406262
406245
406210
406206
405908
405700
405638
405466
405380
405333
405005
404991
404835
404779
404764
404736
404735
404608
404539
404507
404213
404135
404121
403999
403999
403962
403832
403775
403638
403532
403340
403285
403269
402931
402750
402744
402603
402583
402582
402561
402555
402262
402211
402210
402202
402169
402047
401792
401737
401664
401642
401600
401406
400932
400870
400830
400773
400764
400759
400754
400666
400454
400346
400099
399778
399722
399660
399594
399543
399252
398881
398815
398777
398664
398499
398432
398122
398060
397943
397903
397879
397689
397678
397601
397590
397584
397583
397562
397552
397528
397348
397222
397185
396703
396682
396445
396340
395995
395856
395825
395737
395688
395662
395507
394939
394889
394755
394527
394457
393966
393538
393406
393396
393274
393134
392906
392741
392557
392425
392092
392053
391661
391638
391618
391373
391325
391200
391183
391017
390938
390917
390715
390710
390653
390571
390552
390438
390431
390229
390153
389912
389788
389719
389708
389705
389667
389640
389629
389596
389536
389407
389257
389098
388975
388973
388956
388873
388766
388715
388593
388484
388481
388455
388402
388286
388285
388279
388237
388163
388003
387581
387577
387488
387472
387150
387096
386919
386772
386619
386492
386452
386383
386307
386143
386128
385990
385660
385596
385522
385378
385133
384983
384888
384865
384731
384705
384690
384667
384655
384636
384452
384424
384397
384346
384282
384249
384239
384172
384070
384031
384031
383836
383672
383479
383326
383272
382837
382831
382714
382570
382537
382390
382294
382278
382235
381966
381920
381772
381671
381659
381642
381631
381561
381531
381396
381285
381110
381108
380881
380846
380795
380596
380478
380477
380155
380060
380055
379735
379591
379379
379272
379244
378965
378773
378698
378631
378391
378282
378180
378098
378060
377981
377945
377918
377905
377703
377653
377392
377388
377215
377107
377006
376927
376881
376777
376688
376499
376413
376325
376249
376204
376103
375862
375712
375613
375584
375469
375327
375269
375127
375009
374870
374665
374618
374454
374450
374380
374364
374253
374204
374088
374076
373940
373875
373783
373648
373486
373277
373164
372983
372944
372808
372768
372763
372724
372692
372658
372597
372504
372470
372424
372294
372158
372128
372063
371494
371394
371280
371279
371233
371136
370977
370715
370703
370702
370635
370413
370335
370196
370010
369821
369819
369697
369670
369621
369603
369537
369445
369442
369413
369370
369305
368983
368922
368911
368814
368646
368612
368549
368369
368117
368075
368050
367800
367630
367573
367482
367292
366976
366932
366826
366681
366578
366402
366387
366314
366124
366123
366052
366031
365974
365822
365469
365345
365323
365266
365256
365213
365147
364895
364870
364790
364785
364669
364617
364430
364348
364317
363852
363839
363834
363803
363636
363609
363530
363444
363430
363363
363269
363261
363234
363218
362928
362886
362851
362851
362749
362666
362595
362457
362421
362379
362300
362174
362000
361847
361740
361726
361527
361452
361416
361414
361406
361350
361343
361288
361256
361143
361124
360831
360828
360826
360814
360645
360460
360353
360260
360181
360140
360040
359759
359724
359662
359659
359635
359596
359584
359535
359510
359466
359262
359127
359055
358984
358923
358861
358666
358595
358522
358501
358497
358398
358285
358222
358221
358031
357834
357742
357692
357691
357583
357547
357142
357040
356931
356929
356873
356865
356832
356741
356665
356541
356510
356504
356481
356201
356153
356152
356038
355970
355954
355544
355526
355412
355301
355268
354985
354965
354934
354659
354505
354496
354404
354384
354379
354288
354286
353952
353852
353812
353722
353714
353446
353427
353302
353270
353122
353116
353091
353076
353059
353043
353015
353009
352793
352664
352618
352559
352407
352392
352390
352353
352256
352253
352205
352194
351944
351764
351662
351633
351592
351400
351398
351314
351305
351266
351229
350817
350806
350763
350717
350631
350522
350457
350415
350330
350303
350181
349724
349724
349717
349515
348851
348802
348674
348548
348238
348221
348015
347975
347844
347773
347578
347557
347536
347508
347505
347190
347128
346994
346953
346926
346925
346841
346835
346744
346654
346404
346370
346240
346140
346019
346008
345744
345643
345592
345551
345359
345301
345291
345267
345231
345153
345100
344920
344844
344691
344656
344573
344425
344424
344085
344012
343997
343869
343817
343594
343479
343214
342718
342660
342443
342421
342403
342269
342162
341982
341700
341586
341581
341562
341522
341501
341405
341355
341272
341066
341049
341040
341033
340969
340839
340818
340714
340697
340651
340640
340466
340460
340388
340260
340092
339900
339851
339834
339772
339639
339637
339587
339394
339373
339371
339286
339269
339261
339249
339210
339175
339087
339086
339082
339028
338910
338801
338799
338702
338493
338420
338071
338029
337972
337918
337879
337792
337731
337614
337418
337396
337198
337139
337090
337085
336691
336679
336612
336432
336428
336391
336301
336272
336237
335891
335800
335703
335584
335330
335136
334894
334655
334504
334360
334309
334304
334302
334072
333906
333822
333664
333435
333376
333313
333164
333142
332914
332847
332793
332592
332377
332163
332127
332077
331950
331822
331694
331463
331359
331266
331104
330907
330840
330714
330632
330397
330241
330215
329947
329916
329839
329817
329745
329666
329624
329414
329347
329037
329011
328883
328668
328373
328251
328245
328215
328204
328164
328107
327877
327787
327598
327446
327263
327247
327227
327069
326986
326978
326904
326780
326772
326755
326687
326684
326607
326547
326492
326326
326255
325889
325760
325623
325617
325479
325470
325439
325410
325217
325213
325209
325176
324915
324870
324777
324615
324495
324221
324179
324160
324122
324068
324031
323881
323739
323332
323080
323044
322958
322864
322625
322622
322573
322548
322299
322217
322025
321901
321854
321789
321566
321439
321192
321179
321135
321099
321045
320826
320555
320387
320371
320370
320365
320361
320271
320238
320135
319779
319708
319623
319614
319463
319213
319177
319162
319132
319064
318696
318351
318216
318211
318172
317985
317809
317794
317761
317657
317633
317524
317478
317163
317142
317053
317034
317010
316978
316975
316852
316830
316739
316597
316572
316560
316425
316345
316282
316142
315908
315894
315848
315836
315815
315742
315726
315693
315684
315639
315411
315388
315341
315332
315285
315115
315064
315034
315029
314971
314905
314892
314713
314669
314566
314322
314308
314214
314175
314163
314076
313993
313912
313745
313732
313660
313411
313301
313186
313067
312937
312810
312651
312553
312474
312310
312246
312145
311940
311934
311892
311442
311194
310915
310900
310660
310447
310415
310299
310269
310268
310261
310183
310118
310058
310012
310005
309938
309917
309896
309887
309658
309543
309525
309255
309247
309148
309100
309066
309050
309020
309020
308998
308936
308919
308866
308668
308534
308464
308398
308275
308225
308021
307954
307952
307951
307772
307714
307696
307576
307572
307398
307328
307296
307131
307045
307034
307018
306954
306880
306783
306694
306675
306617
306563
306560
306478
306136
306096
306090
305884
305882
305814
305770
305563
304928
304903
304863
304358
304211
304181
303999
303990
303938
303853
303741
303672
303651
303641
303637
303466
303361
303323
303291
303106
303020
303003
302819
302718
302627
302580
302438
302383
302310
302280
302230
302092
301920
301848
301781
301760
301740
301717
301610
301548
301448
301368
301259
301213
300853
300822
300753
300650
300627
300535
300295
300194
300161
299830
299791
299754
299557
299518
299498
299490
299367
299322
299281
299212
298954
298950
298936
298882
298720
298630
298446
298319
298236
298189
297969
297942
297824
297688
297573
297543
297528
297334
297287
297273
297096
297035
297024
297001
296868
296832
296793
296581
296551
296405
296322
296277
296271
296229
296069
296033
295886
295813
295708
295706
295698
295691
295688
295503
295485
295390
295382
295358
295327
295201
295172
295160
294998
294989
294982
294835
294816
294335
294318
294235
294001
293931
293880
293873
293838
293736
293699
293521
293512
293497
293348
293200
293167
292961
292722
292701
292502
292394
292288
292264
292199
292161
292130
292009
291910
291855
291800
291675
291622
291495
291338
290932
290911
290803
290730
290708
290595
290576
290555
290547
290513
290389
290237
290137
290120
290101
290084
290081
289667
289616
289456
289440
289370
289359
289329
289194
289147
288995
288993
288840
288782
288468
288150
287901
287763
287534
287474
287420
287408
287394
287145
286847
286694
286577
286558
286552
286524
286522
286448
286381
286356
286192
286057
285990
285710
285622
285582
285575
285561
285392
285064
284892
284688
284466
284241
284084
283989
283989
283952
283838
283529
283523
283412
283307
283236
283200
283037
282995
282986
282744
282688
282324
282043
281816
281596
281592
281533
281224
280733
280674
280661
280455
280353
280232
280114
280091
280081
280078
280035
279952
279696
279645
279515
279469
279427
279309
279279
279191
279001
278850
278772
278738
278694
278664
278623
278425
278371
278238
277882
277873
277794
277772
277435
277409
277187
277052
276932
276633
276615
276550
276439
276409
276403
276190
276183
276170
276156
276128
276038
275938
275890
275703
275376
275282
275173
275117
275081
274979
274836
274830
274475
274363
274158
274118
273990
273915
273886
273761
273743
273357
273307
273251
273172
273073
272586
272566
272540
272507
272380
272357
272304
272128
272073
272071
271985
271883
271755
271352
271167
271089
270985
270984
270830
270653
270412
270389
270083
270006
269960
269946
269785
269750
269672
269599
269512
269434
269302
269185
269181
269050
269044
269020
268898
268896
268826
268822
268506
268461
268395
268365
268348
268315
268143
268115
268046
267910
267810
267737
267625
267622
267437
267427
267269
267219
267108
267009
267002
266982
266823
266776
266713
266654
266567
266554
266550
266520
266508
266403
266094
265965
265673
265531
265470
265314
265222
264894
264751
264751
264628
264604
264353
264320
264304
264248
264205
264164
264160
264000
263829
263637
263549
263203
263084
262850
262828
262768
262646
262201
262110
262020
262011
261884
261870
261850
261817
261718
261670
261423
261272
261256
261204
261101
260823
260398
260356
260314
260156
260095
260019
260001
259894
259847
259818
259817
259631
259550
259525
259453
259365
259032
258845
258807
258776
258764
258746
258525
258509
258371
258317
258050
257996
257965
257916
257904
257891
257790
257788
257638
257450
257332
257326
257131
256980
256881
256810
256795
256678
256596
256007
255701
255602
255429
255353
255247
255218
255150
255086
254884
254778
254738
254704
254510
254173
254072
253967
253896
253883
253839
253760
253662
253640
253485
253405
253400
253344
253264
253254
253094
253056
252777
252686
252603
252458
252388
251937
251884
251811
251654
251495
251354
251351
251260
251054
250963
250937
250893
250814
250744
250616
250459
250382
250242
250176
249906
249861
249701
249662
249583
249573
249424
249419
249184
249130
249127
249069
248864
248747
248743
248726
248644
248481
248406
248344
248321
248281
248277
248037
247812
247532
247527
247169
247084
246865
246819
246796
246691
246616
246348
246117
246113
245984
245948
245751
245720
245592
245549
245544
245413
245372
245231
245212
245201
245098
244971
244626
244394
244389
244038
243915
243857
243847
243795
243772
243538
243505
243134
243073
243068
243051
242996
242935
242811
242769
242597
242550
242519
242414
242215
242144
242141
242064
241729
241627
241438
241356
241198
241116
241022
240853
240762
240746
240716
240709
240623
240594
240298
240258
240171
240023
239985
239754
239536
239461
239440
239367
239333
239259
239154
238954
238874
238131
238106
237957
237671
237391
237363
237276
236942
236780
236576
236572
236530
236501
236054
235888
235885
235800
235681
235616
235485
235349
235301
235130
234579
234529
234519
234518
234446
234418
234182
234147
233891
233772
233759
233613
233236
233150
233099
232950
232803
232756
232728
232724
232687
232593
232499
232481
232271
232029
231930
231914
231734
231690
231672
231368
231357
231283
231241
230855
230612
230549
230539
230341
230323
230156
230002
229999
229989
229979
229950
229927
229896
229881
229722
229714
229637
229604
229480
229474
229432
229401
229200
229157
229063
229045
228988
228679
228653
228495
228402
228391
228350
228284
228209
228206
228147
227919
227649
227494
227285
227242
227149
227004
226740
226680
226557
226536
226369
226302
226247
226176
226169
226167
226036
225986
225893
225788
225640
225472
225432
225398
225391
225231
225060
224935
224905
224781
224678
224227
224218
224211
223949
223932
223884
223868
223790
223786
223770
223720
223449
223394
223357
223207
223060
223044
222829
222764
222611
222456
222171
221947
221897
221865
221839
221756
221721
221528
221240
220951
220783
220682
220648
220629
220572
220570
220429
220411
220324
220315
220003
219783
219531
219513
219323
219177
219148
219139
219133
219043
219004
218999
218999
218990
218473
218374
218356
218331
218134
217891
217860
217831
217785
217590
217468
217415
217222
216965
216959
216719
216662
216423
216269
216181
216180
216135
215967
215960
215947
215841
215626
215539
215527
215422
215294
215281
215201
215193
215165
215099
215067
215058
215051
214996
214906
214856
214613
214580
214562
214560
214422
214383
214248
214041
213772
213721
213717
213625
213499
213427
213314
213314
213251
212976
212962
212910
212906
212883
212604
212564
212407
212314
212306
212159
212157
211966
211701
211652
211650
211489
211180
211085
210960
210912
210907
210859
210473
210440
210428
210393
210318
210269
210177
210154
210038
210009
209899
209818
209668
209615
209614
209559
209553
209313
209290
209113
208990
208932
208574
208511
208466
208136
207801
207754
207397
207370
207336
207327
207005
206968
206793
206787
206770
206678
206430
206420
206363
206301
206237
206129
206091
205883
205790
205704
205505
205423
205111
205030
204820
204730
204503
204298
204261
204081
204072
204051
203991
203838
203755
203624
203408
203187
203134
203032
202948
202891
202860
202659
202537
202218
202122
202027
201988
201982
201974
201959
201910
201801
201775
201746
201652
201478
201424
201419
201278
201276
201218
201009
200996
200898
200819
200816
200780
200594
200321
200297
200255
200186
200181
200107
200097
200015
199990
199978
199896
199829
199761
199748
199589
199556
199510
199287
199280
199042
199011
198967
198807
198451
198394
198384
198319
198318
198304
198126
198063
198063
198054
198051
197967
197949
197823
197655
197579
197545
197526
197469
197452
197436
197336
197313
197298
197144
197067
197055
196996
196979
196939
196899
196877
196848
196835
196654
196542
196496
196490
196466
196438
196118
195948
195895
195702
195676
195606
195516
195233
195210
195103
195028
194956
194913
194910
194893
194855
194830
194817
194615
194360
194348
194044
193911
193886
193679
193647
193628
193539
193504
193193
193043
193028
192943
192910
192356
192324
192252
192251
191951
191597
191519
191473
191466
191429
191424
191421
191385
191197
191063
191027
190801
190729
190433
190407
190212
190185
190023
189777
189767
189706
189585
189530
189481
189479
189308
189170
188973
188862
188561
188526
188369
188243
187976
187749
187314
187073
187026
186934
186908
186880
186776
186680
186662
186546
186517
186426
186320
186300
186030
185872
185869
185792
185532
185444
185292
185271
185074
184995
184872
184764
184619
184583
184512
184483
184443
184257
184085
184039
183840
183802
183768
183627
183495
183467
183353
183250
182957
182933
182930
182927
182909
182898
182873
182821
182756
182408
182301
182179
182178
182177
182156
182151
182113
181951
181933
181854
181781
181755
181734
181715
181632
181516
181412
181328
181158
181055
181050
180942
180914
180908
180847
180845
180807
180488
180475
180079
180026
179963
179840
179751
179748
179708
179630
179543
179228
179210
178993
178929
178919
178729
178236
178177
178053
178050
177999
177916
177876
177776
177658
177651
177205
176994
176907
176894
176641
176399
176305
176204
176199
176182
175918
175865
175817
175721
175661
175657
175449
175446
175381
175377
175158
175137
175131
175064
175010
174882
174881
174864
174750
174649
174643
174591
174567
174493
174454
174418
174255
174251
174186
173961
173942
173856
173664
173609
173604
173560
173496
173207
173201
173183
173161
173127
173117
172985
172885
172720
172542
172193
172105
171595
171544
171484
171451
171127
171098
170841
170766
170750
170735
170607
170533
170389
170369
170289
170179
170150
170146
170063
169978
169695
169466
169405
169222
169161
169047
169035
169032
168825
168779
168587
168389
168374
168333
168110
167939
167861
167823
167576
167550
167521
167437
167395
167177
167047
166979
166925
166870
166851
166788
166411
166334
166293
166281
166247
166243
166227
166133
165919
165904
165860
165737
165649
165519
165386
165236
165180
165083
164891
164788
164716
164600
164474
164451
164415
164351
164292
164219
164065
163930
163851
163715
163446
163420
163400
163335
163293
162834
162812
162812
162705
162646
162634
162563
162453
162435
162431
162355
162337
162286
162107
162085
161931
161871
161451
161407
161309
160918
160542
160452
160372
160366
160336
160220
160195
160123
160121
159952
159914
159827
159800
159772
159713
159487
159475
159354
159231
159208
158920
158844
158739
158648
158279
158201
158126
158121
158076
157976
157804
157599
157588
157574
157562
157342
157242
157020
156982
156862
156802
156742
156731
156697
156453
156390
156341
156227
156165
155967
155930
155881
155735
155387
155257
155198
155186
154999
154968
154868
154761
154665
154656
154635
154469
154245
154196
154082
154048
154013
153993
153822
153630
153541
153535
153483
153443
153427
153305
153271
153267
153169
153167
152939
152936
152908
152880
152874
152834
152819
152692
152596
152530
152420
152372
152232
152019
151975
151428
151278
151272
151036
150922
150769
150674
150564
150561
150470
150323
150193
150089
150072
150007
149941
149851
149757
149667
149567
149555
149474
149460
149450
149445
149436
149398
149287
149267
149171
148998
148893
148859
148785
148756
148754
148558
148378
148372
148343
147761
147715
147648
147646
147502
147363
147137
147063
146952
146946
146850
146646
146599
146186
146162
146153
146064
146058
146024
146009
145901
145760
145573
145507
145400
145345
145206
145144
145120
144775
144577
144043
144041
143935
143896
143711
143699
143503
143379
143379
143354
143210
143176
142441
142369
142112
142097
142041
141846
141815
141808
141710
141709
141644
141551
141539
141391
140859
140851
140575
140512
140327
140304
140295
140275
140214
140187
140100
140070
139976
139895
139843
139814
139742
139632
139620
139568
139496
139367
139355
139350
139329
139227
139208
139103
138814
138730
138660
138543
138540
138434
138331
138314
138198
138166
137869
137794
137660
137536
137462
137417
137390
137344
137248
137135
137125
137003
137000
136996
136970
136939
136888
136865
136669
136658
136466
136354
136309
135365
135346
135322
135240
135226
135092
134941
134918
134825
134745
134682
134612
134448
134203
134186
134065
133950
133902
133645
133577
133396
133279
133154
133146
132970
132947
132823
132818
132676
132656
132636
132567
132325
132219
132128
132097
132038
131752
131672
131605
131301
131217
131000
130871
130635
130407
130168
130148
130118
130051
129770
129671
129492
129370
129141
129071
128933
128843
128757
128650
128468
128461
128351
128334
128302
128290
128225
127738
127684
127592
127573
127319
126984
126984
126972
126736
126728
126719
126412
126179
126166
126115
126095
126018
125982
125914
125828
125768
125749
125725
125607
125546
125502
125260
125080
125079
124944
124814
124802
124790
124704
124628
124602
124398
123971
123918
123715
123690
123632
123613
123430
123135
122892
122729
122572
122565
122373
122355
122298
121974
121864
121863
121837
121719
121646
121579
121552
121165
121031
121025
120625
120542
120154
119966
119794
119739
119634
119342
119335
119278
119189
119138
119096
119057
119020
118773
118571
118563
118475
118431
117853
117592
117351
117172
117082
116953
116768
116580
116345
116272
116127
116071
116066
116033
115901
115787
115548
115292
115276
115195
115160
115054
114952
114911
114676
114638
114628
114484
114478
114412
114382
114308
114282
114209
114054
113903
113894
113436
113220
113195
113040
112967
112939
112907
112790
112783
112728
112691
112596
112590
112285
112200
112144
111980
111812
111752
111724
111676
111558
111469
111408
111274
111263
111248
111237
111192
111104
111034
111033
111002
110740
110600
110421
110337
110307
110265
110187
110179
109772
109691
109651
109629
109617
109488
109475
109425
109364
109230
108972
108844
108758
108748
108574
108491
108397
108204
107950
107938
107877
107795
107665
107578
107559
107397
107284
107283
107260
107256
107238
107112
107094
107073
107011
106896
106885
106727
106627
106448
106408
106383
106344
106243
106099
106047
105885
105876
105749
105717
105618
105584
105556
105303
105264
105148
105105
104979
104943
104879
104836
104806
104755
104683
104680
104675
104586
104432
104377
103924
103624
103540
103533
103467
103050
103038
102941
102791
102756
102756
102659
102587
102356
102341
102266
102011
101976
101966
101811
101480
101360
101216
101010
100910
100847
100832
100576
100448
100444
100337
100329
100301
100201
99964
99867
99865
99849
99633
99594
99302
99228
99152
98987
98727
98691
98675
98600
98565
98549
98491
98239
98110
98050
97928
97891
97682
97662
97624
97589
97541
97329
97261
97169
97147
97128
96775
96695
96510
96396
96368
96324
96271
96205
96041
95893
95818
95655
95645
95642
95513
95508
95440
95424
95402
95196
95085
95068
94979
94832
94797
94768
94719
94566
94550
94365
94362
94349
93641
93587
93431
93354
93255
93167
92974
92778
92693
92325
92078
91885
91749
91407
91184
90854
90760
90550
90498
90367
90114
90045
90000
89980
89903
89709
89688
89682
89614
89411
89381
89166
89076
89045
89017
88984
88857
88605
88596
88545
88390
88330
88089
87991
87695
87684
87636
87499
87341
87103
86608
86466
86262
86191
85972
85958
85801
85784
85712
85547
85520
85519
85455
85124
85105
85043
84925
84887
84806
84757
84553
84545
84453
84264
84133
84074
83924
83890
83880
83879
83758
83697
83608
83576
83557
83459
83456
83424
83407
83392
83348
83248
83211
83209
83191
82987
82969
82877
82575
82474
82403
82104
82071
81960
81817
81808
81649
81610
81465
81323
81182
81113
81029
80848
80822
80786
80760
80729
80684
80619
80522
80486
80471
80249
80230
80218
80071
80020
80018
79988
79814
79518
79279
79210
79199
79086
78995
78888
78865
78836
78766
78703
78633
78609
78511
78342
78248
78174
78058
77792
77615
77546
77545
77323
77156
77153
76984
76908
76826
76806
76726
76691
76569
76542
76420
76377
76362
76270
76209
76185
75985
75841
75812
75692
75647
75605
75550
75515
75155
75002
74962
74928
74860
74528
74469
74448
74427
73846
73819
73567
73559
73421
73253
73148
73129
73041
72919
72870
72771
72698
72540
72266
72221
72147
72014
71940
71603
71396
71325
71267
71266
71230
71230
71196
71184
71173
71160
71108
71013
70985
70901
70735
70637
70566
70541
70540
70535
70526
70393
70383
70047
70032
69850
69780
69716
69652
69421
69232
69085
69061
68966
68937
68923
68788
68638
68630
68597
67991
67859
67813
67656
67555
67349
67121
67093
67064
66896
66616
66614
66531
66447
66407
66223
66173
66071
66050
65613
65590
65545
65385
65295
65276
65133
65057
64822
64754
64652
64565
64548
64490
64387
64347
64119
64037
64000
63966
63924
63894
63884
63871
63863
63596
63514
62953
62713
62633
62574
62467
62347
62342
62252
61995
61892
61869
61651
61622
61342
61277
61267
61262
61262
61121
60542
60387
60229
59998
59848
59523
59487
59452
59305
59266
59215
58975
58958
58942
58836
58626
58276
58244
58186
58182
58049
57605
57476
57434
57331
57197
57052
56812
56601
56360
56346
56004
55989
55942
55414
55386
55257
55194
55175
55095
54902
54751
54709
54442
54418
54017
53883
53877
53691
53315
53204
53100
52968
52916
52746
52442
52346
52246
52239
52193
52108
52034
51615
51542
51302
51246
51103
50989
50890
50774
50633
50627
50510
50480
50185
49973
49788
49759
49606
49544
49531
49396
49359
49358
49109
49061
48966
48934
48585
48439
47993
47798
47783
47418
47330
47167
47159
47095
46968
46896
46838
46716
46674
46647
46643
46532
46490
46374
46335
46279
46185
46183
45480
45349
45161
45080
45030
44967
44847
44844
44802
44754
44750
44733
44612
44504
44380
44323
44230
44209
44148
44061
43991
43906
43701
43661
43512
43507
43429
43372
43366
43322
43299
43145
43055
43026
42873
42805
42770
42384
42323
42245
42150
42073
42001
41832
41721
41651
41648
41319
41282
41260
41248
41195
41191
40865
40846
40742
40713
40586
40514
40445
40419
40165
40144
40061
40040
40015
39953
39844
39787
39743
39698
39634
39467
39461
39256
39241
39198
39189
39180
39175
39171
39127
39102
38963
38912
38885
38790
38782
38771
38579
38360
38332
38284
38189
38178
38146
38090
37991
37921
37881
37848
37847
37803
37776
37749
37637
37509
37459
37315
37308
37247
37000
36897
36833
36786
36746
36726
36674
36394
36232
35812
35757
35473
35444
35387
35383
35375
35364
35361
35334
35225
35182
35160
35065
34961
34915
34909
34822
34747
34681
34656
34549
34489
34486
34459
34313
34304
34117
34079
33916
33824
33767
33747
33709
33642
33578
33568
33556
33524
33512
33392
33370
33339
33251
33195
33181
33050
32880
32723
32679
32667
32519
32392
32370
32310
32278
32142
31986
31903
31821
31815
31799
31568
31503
31499
31482
31351
31350
31080
30965
30721
30443
30380
30366
30267
30165
30160
30136
30044
30007
29775
29773
29698
29544
29417
29354
29132
28955
28945
28939
28762
28754
28697
28632
28473
28358
28086
27993
27907
27838
27815
27762
27632
27234
27161
27147
27025
26873
26775
26636
26576
26531
26510
26451
26322
26305
26209
26163
26131
26104
26038
25942
25832
25818
25730
25557
25556
25521
25518
25457
25405
25110
25030
24890
24864
24785
24770
24502
24497
24492
24228
23894
23570
23522
23387
23360
23256
23222
23145
22709
22653
22415
22296
22147
21713
21648
21474
21335
21220
20931
20832
20820
20676
20635
20602
20367
20276
20166
20035
20013
19796
19782
19693
19612
19570
19518
19387
19349
19242
19203
19106
19005
18999
18978
18720
18571
18178
18127
18078
18073
17888
17871
17711
17685
17556
17380
17059
17013
16817
16796
16657
16233
16229
16155
16077
15913
15764
15651
15583
15486
15443
15429
15411
15226
15143
14985
14670
14597
14549
14511
14463
14357
14155
14131
13977
13945
13919
13730
13641
13575
13521
13483
13334
13302
13274
13107
13090
13088
12899
12897
12861
12745
12690
12551
12489
12257
12177
12140
12089
12028
11839
11671
11656
11577
11557
11341
11328
11255
11128
10967
10944
10846
10786
10665
10474
10404
10398
10377
10305
10256
10238
10185
10058
9943
9759
9663
9662
9321
9236
9192
9109
9081
8987
8978
8841
8799
8739
8706
8387
8074
7884
7668
7598
7550
7548
7467
7465
7453
7287
7263
7237
7078
6976
6952
6795
6775
6746
6521
6263
6203
6048
6020
5981
5971
5851
5783
5633
5597
5516
5429
5355
5312
5170
4922
4776
4703
4552
4544
4489
4465
4340
4307
4115
4097
4069
4067
4034
3963
3910
3776
3667
3618
3547
3439
3358
3209
3164
3087
2967
2891
2799
2763
2690
2622
2562
2458
2292
2201
2146
2121
1924
1409
1181
916
902
897
839
715
547
356
159
155