23
26
165
286
305
534
555
894
925
1046
1223
1292
1447
1525
1751
1828
2040
2148
2376
2481
2667
2673
2697
2700
2769
2816
2933
2968
2985
3048
3075
3386
3590
3728
3738
3951
4230
4279
4304
4420
4541
4586
4662
4666
4678
4749
4856
4901
4951
4988
4989
5093
5647
5722
5841
5894
5912
5978
6153
6331
6620
6654
6699
6906
7088
7159
7244
7336
7566
7704
7728
7734
7784
7793
7847
8027
8177
8251
8362
8560
8589
8966
9162
9199
9473
9479
9590
9704
9743
10303
10306
10329
10594
10606
10683
10710
10771
10785
10844
10877
10940
11170
11421
11480
11719
11861
11884
11968
12108
12111
12183
12184
12187
12270
12382
12523
12579
12655
13133
13144
13332
13425
13478
13694
13696
13765
13899
14054
14063
14159
14162
14475
14708
14813
14835
14849
14885
15155
15155
15180
15361
15529
15761
15816
16005
16284
16329
16367
16502
16720
17036
17226
17287
17295
17308
17519
17569
18129
18214
18298
18307
18337
18402
18474
18510
18671
18979
19136
19409
19466
19568
19578
19674
19717
19722
19984
20094
20190
20202
20270
20385
20471
20682
20715
20804
21080
21270
21305
21310
21420
21815
21890
22030
22052
22061
22174
22282
22392
22463
22597
22608
22981
23031
23083
23187
23195
23226
23513
23599
23630
23649
23654
23707
23731
23746
23747
23897
23936
23965
23991
24003
24145
24173
24232
24374
24414
24830
24941
25270
25362
25400
25484
25512
25516
25522
25553
25577
25584
25913
25940
25976
26150
26182
26227
26230
26443
26454
26676
26690
26763
26809
26815
26898
26942
26955
26980
26997
27112
27116
27249
27340
27353
27423
27533
28008
28074
28154
28220
28273
28478
28532
28785
28822
28846
28961
28981
29055
29148
29177
29312
29325
29411
29562
29840
29929
30142
30201
30387
30410
30433
30478
30697
30719
30726
30896
30974
31024
31082
31091
31123
31232
31257
31380
31426
31447
31515
31533
31656
31680
31687
31719
31769
31784
31785
31919
32004
32006
32058
32078
32082
32118
32430
32437
32639
32702
32850
32880
32905
32993
32996
33074
33495
33501
33528
33739
34468
34472
34765
34880
34896
34949
35116
35180
35215
35259
35267
35798
36158
36244
36281
36301
36364
36366
36435
36551
36661
36808
36841
36986
37560
37569
37583
38149
38200
38364
38489
38570
38591
38690
38834
38865
38915
38945
39087
39243
39309
39370
39390
39424
39779
39835
40152
40421
40590
40679
40759
40764
40791
40811
41340
41366
41394
41511
41695
41743
41760
42454
42960
43192
43370
43381
43696
43848
43861
43886
43903
44052
44062
44130
44169
44180
44209
44255
44519
44546
44623
44658
44670
44891
45115
45143
45144
45168
45225
45320
45332
45481
45686
45841
45915
45926
46027
46271
46348
46410
46462
46494
46530
46665
46667
46694
46834
47008
47008
47059
47195
47310
47378
47480
47487
47514
47886
47992
48039
48120
48275
48344
48453
48456
48482
48563
48619
48627
48633
48641
48872
49035
49230
49428
49464
49653
49790
49806
49822
49865
50072
50126
50226
50340
50378
50538
50669
50754
50755
50786
50820
50881
50937
50973
51001
51087
51255
51501
51627
51628
51667
51683
51731
51796
51817
51841
51979
52134
52168
52177
52298
52460
52605
52636
52676
52818
52838
52897
52958
53118
53326
53438
53771
53776
53933
53990
54007
54026
54052
54101
54300
54360
54453
54537
54583
54919
54939
54973
55269
55275
55289
55307
55349
55385
55432
55551
55552
55581
55683
55734
55758
55764
55778
55828
55886
56047
56057
56088
56242
56266
56485
56546
56577
56623
56649
56717
57014
57188
57257
57382
57447
57499
57532
57575
57737
57740
57777
57941
58216
58384
58390
58487
58563
58576
58608
58634
58744
58773
58893
59205
59288
59362
59407
59450
59686
59737
59781
59965
60251
60324
60402
60507
60681
60689
61094
61442
61514
61724
61816
61922
62159
62175
62180
62185
62257
62313
62427
62440
62543
62929
63010
63199
63276
63301
63311
63369
63434
63464
63559
63588
63623
63631
63690
63863
63883
63987
64089
64099
64284
64300
64322
64436
64532
64581
64748
64793
64793
65043
65178
65577
65620
65689
65776
65825
65894
66004
66065
66310
66507
66540
66645
66697
66706
66748
66795
66815
67023
67154
67181
67347
67387
67406
67465
67465
67570
67627
67733
67811
67933
67943
67956
68018
68061
68117
68251
68277
68294
68435
68525
68635
68833
68839
68914
68945
69077
69173
69362
69405
69632
69800
69810
70111
70115
70202
70292
70320
70517
70527
70598
70794
70887
71025
71059
71122
71164
71214
71343
71356
71377
71538
71682
72015
72060
72177
72206
72221
72321
72565
72627
72672
72754
72824
72855
72967
72972
73028
73039
73111
73181
73293
73432
73467
73495
73505
73551
73564
73573
73614
73713
73831
73876
73899
74307
74312
74392
74520
74633
74688
74782
74887
74985
75002
75031
75140
75355
75484
75558
76268
76378
76418
76771
76782
77219
77243
77287
77301
77468
77511
77603
77809
77838
77985
78070
78071
78121
78133
78235
78273
78397
78430
78489
78782
78866
79098
79111
79454
79627
79657
79669
79756
79777
79874
80309
80389
80415
80428
80486
80537
80809
81009
81034
81185
81196
81199
81450
81644
81811
81837
82079
82261
82362
82432
82480
82946
82965
82970
83037
83050
83185
83396
83504
83587
83591
83666
83731
83760
83777
83779
83876
84003
84331
84332
84616
84746
85129
85290
85816
86024
86128
86150
86386
86396
86569
86713
86764
86790
86824
87124
87251
87462
87527
87619
87679
87894
88007
88007
88088
88090
88104
88164
89035
89041
89076
89213
89213
89252
89377
89462
89542
89596
89610
89641
89897
89984
90247
90490
90493
90530
90642
90938
90949
90988
91056
91099
91125
91373
91376
91566
91572
91671
91744
91751
91911
91917
92038
92135
92311
92587
92728
93046
93073
93311
93458
93574
93707
93758
93839
93851
93983
94110
94142
94221
94368
94517
94800
94835
94925
94957
95195
95256
95368
95382
95524
95770
95817
96069
96175
96192
96442
96603
96707
96833
96909
97016
97063
97352
97606
97666
97711
97799
98163
98193
98481
98498
98560
98654
98748
98963
99171
99618
99905
100104
100174
100499
100767
100785
100804
100830
100872
101051
101126
101181
101202
101303
101392
101435
101599
102067
102259
102434
102597
102659
102858
102910
103073
103124
103287
103348
103392
103552
103640
103654
103774
103846
103937
103980
104018
104026
104039
104177
104220
104243
104295
104406
104469
104701
104719
104871
105079
105222
105455
105474
105480
105672
105756
105929
105985
106042
106099
106184
106205
106378
106475
106729
106775
106856
106891
107028
107069
107132
107147
107189
107191
107292
107542
107550
107553
107580
107712
107812
107961
108096
108110
108123
108154
108178
108368
108369
108485
108487
108576
108677
108778
108824
108988
109059
109098
109116
109267
109269
109611
109613
109619
109709
109819
109901
109973
110027
110172
110211
110281
110561
110693
110883
110902
110940
110950
111238
111268
111277
111324
111718
111768
111859
111863
112006
112086
112111
112168
112200
112221
112348
112577
112659
112797
112802
112938
113204
113361
113524
113700
113724
113855
114128
114163
114292
114312
114409
114429
114481
114678
114750
114872
114939
115056
115394
115450
115514
115580
115636
115717
115835
115986
116173
116421
116520
116520
116558
116577
116631
116726
116748
116748
116753
116765
117145
117237
117291
117301
117325
117342
117360
117689
118079
118203
118260
118264
118313
118404
118488
118543
118670
118938
118983
119051
119107
119146
119243
119425
119468
119478
119572
119627
119778
119971
120130
120261
120312
120539
120617
120731
120825
120852
120867
121245
121307
121382
121614
121802
121837
121916
122036
122062
122542
122622
122652
123061
123297
123332
123475
123480
123545
123636
123843
123882
123955
123999
124039
124050
124302
124330
124365
124424
124466
124477
124506
124847
124893
125065
125093
125152
125396
125569
125572
125585
125796
125961
125994
126113
126177
126234
126392
126750
126833
126836
126985
127501
127675
127867
127879
127965
127969
128000
128030
128218
128310
128312
128326
128400
128799
129136
129358
129399
129664
129678
129779
130127
130144
130243
130312
130432
130444
130566
130834
130900
130964
130983
131016
131111
131257
131333
131418
131446
131462
131511
131596
131649
131668
131774
131836
131882
131890
131964
132025
132308
132424
132543
132543
132809
132816
132987
133036
133192
133220
133580
133655
133788
133891
133941
134002
134083
134216
134274
134290
134360
134786
134839
134870
134881
134909
134924
135652
135799
136007
136036
136038
136086
136394
136466
136467
136469
136498
136605
136661
136725
136728
137006
137035
137108
137125
137155
137195
137196
137271
137487
137516
137816
137858
138308
138369
138548
138644
138694
138764
138934
138944
139060
139402
139511
139553
139558
139567
139623
139711
139751
139851
139967
140145
140267
140294
140296
140321
140512
140742
141065
141172
141235
141354
141363
141372
141554
141611
141674
141710
141845
142068
142084
142145
142580
142842
142883
142937
143138
143219
143375
143381
143579
143637
143686
143723
143956
144198
144235
144236
144274
144418
144500
144712
144734
144950
144992
145071
145140
145239
145426
145501
145591
145637
145637
145737
145881
145952
146259
146436
146477
146622
146716
146834
146982
147017
147072
147246
147526
147726
147743
147893
147980
148265
148323
148592
148776
148784
149054
149141
149251
149309
149309
149427
149452
149574
149589
149624
149730
149810
149822
149826
149840
150059
150318
150360
150488
150942
151070
151176
151442
151443
151536
151547
151599
151733
151776
151824
151914
151956
152120
152135
152198
152272
152296
152511
152545
152705
152732
153032
153145
153164
153234
153312
153464
153503
153758
153828
153983
154117
154126
154194
154295
154298
154327
154350
154368
154451
154677
154785
154865
154877
154896
154958
155096
155132
155198
155418
155546
155653
155659
155688
155779
155847
155992
156025
156088
156172
156204
156228
156320
156356
156421
156474
156504
156612
156625
156798
156836
156934
157158
157207
157222
157316
157500
157552
157580
157590
157616
157621
157677
158087
158332
158398
158524
158645
158764
158809
158855
158916
159091
159284
159403
159568
159573
159913
159914
159941
159974
160029
160082
160112
160113
160177
160228
160469
160582
160718
160814
160838
160947
160966
161021
161053
161199
161268
161334
161493
161505
161550
161760
162106
162120
162273
162312
162419
162568
162813
162917
162922
163261
163294
163432
163880
163933
164244
164418
164534
164570
164595
164730
164877
164897
165027
165196
165199
165245
165419
165465
165622
165731
165890
166197
166262
166386
166396
166491
166697
166702
166706
166769
166776
166881
166886
166973
166979
166990
167015
167034
167155
167198
167286
167418
167428
167503
167658
167703
167778
167808
167810
168077
168115
168137
168176
168208
168416
168422
168556
168585
168645
168829
168833
169115
169138
169144
169339
169438
169566
169724
170107
170268
170638
170656
170735
170890
170960
171048
171101
171115
171178
171434
171502
171541
171572
171627
171644
171835
171971
172106
172120
172167
172190
172363
172583
172794
172831
173115
173140
173175
173187
173198
173337
173347
173495
173631
173704
173880
173959
173959
174241
174372
174483
174742
174868
174959
174969
175020
175100
175171
175516
175531
175778
175975
176194
176204
176299
176342
176345
176458
176539
176782
176867
176886
177086
177124
177373
177477
177491
177634
177684
177901
177913
178244
178300
178432
178495
178615
178719
178984
179024
179108
179130
179212
179281
179558
179860
180018
180092
180117
180282
180317
180383
180425
180475
180551
180924
180979
180985
181074
181093
181098
181144
181255
181263
181419
181450
181452
181581
181823
181857
181907
181991
182211
182280
182297
182500
182543
182625
182713
182849
182859
182959
183082
183184
183344
183434
183520
183768
183801
183973
184032
184360
184414
184454
184512
184512
184543
184634
184710
184742
184810
184936
184976
185015
185033
185137
185516
185528
185574
185602
185655
185718
185750
185764
185995
186004
186072
186100
186205
186313
186343
186459
186555
186560
186868
186933
187249
187724
187781
187792
187863
187912
187920
187930
187973
187989
188064
188196
188504
188747
188820
188872
188887
188940
189003
189190
189320
189410
189438
189564
189741
189757
189798
189977
189991
190043
190058
190070
190344
190398
190481
190498
190635
190757
190822
191081
191186
191272
191301
191326
191426
191506
191538
191577
191636
191671
191695
191861
191979
191980
192106
192238
192288
192372
192437
192455
192507
192545
192597
192603
192707
192760
192864
192983
193151
193200
193280
193437
193463
193743
193759
193808
193842
194077
194100
194200
194286
194478
194716
194754
194761
194771
194910
194924
195199
195205
195255
195433
195558
195638
195773
195986
196083
196091
196491
196561
196772
196965
197049
197130
197243
197328
197424
197541
197566
197599
197669
197683
197744
197766
197895
198079
198091
198092
198276
198490
198554
198674
198914
198973
199359
199433
199553
199577
199771
199799
199828
200185
200286
200448
200557
201028
201158
201263
201304
201332
201445
201550
201592
201608
201678
202233
202603
202675
202700
202710
202943
203162
203188
203215
203223
203253
203367
203455
203480
203574
203707
203779
203983
204042
204090
204126
204359
204394
204508
204669
204723
204731
204783
205010
205065
205336
205883
205945
206130
206352
206356
206386
206460
206616
206821
206929
207138
207253
207277
207305
207307
207327
207428
207722
207723
207754
208062
208387
208390
208443
208450
208463
208570
208584
208601
208670
208749
208810
208856
208857
208914
208929
209106
209180
209225
209464
209533
209572
209720
209770
209792
209859
209914
210079
210090
210211
210281
210321
210787
210876
210891
211009
211015
211026
211052
211130
211177
211190
211207
211314
211347
211372
211455
211728
211928
211997
212081
212114
212200
212327
212409
212424
212425
212571
212603
212604
212752
212784
212853
212859
212911
213233
213233
213306
213448
213744
214060
214064
214092
214112
214135
214181
214200
214310
214395
214423
214763
214798
215167
215198
215217
215383
215744
215784
215920
216113
216278
216776
216803
216857
216926
217002
217013
217472
217528
217528
217545
217714
217730
217894
217910
218055
218318
218364
218544
218613
218640
218721
218753
218809
218865
218880
218907
218926
219192
219296
219327
219327
219505
219508
219589
219605
219616
219660
219694
219732
219788
219838
219883
220104
220237
220337
220537
220642
220756
220801
220847
220917
221028
221180
221246
221257
221259
221412
221448
221661
221703
221768
222015
222103
222341
222422
222612
222620
223081
223136
223164
223209
223437
223515
223681
224030
224048
224140
224205
224373
224587
224759
225062
225082
225166
225214
225344
225353
225596
225695
225933
226090
226120
226213
226315
226355
226375
226388
226532
226573
226656
226680
226750
226793
226900
227003
227232
227233
227283
227318
227393
227506
227511
227536
227665
227748
227868
228055
228249
228546
228718
228817
228835
228858
228899
229198
229213
229220
229369
229372
229491
229573
229633
229668
229697
229966
230066
230194
230365
230382
230419
230627
230980
231099
231104
231141
231264
231411
231437
231581
231599
231720
231812
231879
231950
232023
232038
232136
232163
232223
232243
232416
232620
232627
232767
232779
232882
232929
233021
233023
233273
233342
233404
233487
233575
233737
233738
233752
233829
233917
234000
234074
234356
234400
234481
234649
234662
234722
234740
234829
235103
235179
235213
235259
235272
235597
235906
236219
236374
236375
236406
236445
236454
236532
236533
236545
236560
236636
236684
236695
236781
237275
237458
237588
237602
237611
237619
237714
237819
238034
238066
238079
238156
238266
238540
238550
238577
238795
238959
238987
239070
239131
239223
239295
239427
239505
239600
239798
239841
239893
239902
239940
239978
240105
240183
240242
240864
241182
241235
241421
241437
241452
241608
241719
241894
241919
242015
242069
242127
242155
242226
242473
242514
242672
242804
243000
243001
243114
243402
243509
243625
243724
243810
243947
244044
244061
244275
244397
244484
244892
244904
245008
245110
245235
245270
245476
245564
245599
245624
245672
245735
245850
245876
245886
245988
246039
246074
246086
246280
246550
246568
246582
246696
246819
246831
246908
246933
246969
247066
247145
247307
247337
247350
247435
247558
247671
247676
247915
248062
248104
248288
248290
248349
248421
248481
248572
248912
249105
249311
249317
249454
249546
249672
249748
249774
249848
249998
250051
250062
250146
250332
250438
250535
250723
250780
250900
250911
251000
251057
251128
251223
251307
251369
251701
251786
251836
251874
251881
251975
251994
252120
252124
252178
252211
252305
252444
252507
252560
252887
252903
252917
252927
252940
253012
253023
253061
253302
253473
253650
253681
253734
253756
253835
253936
253941
253958
253971
254075
254081
254659
254990
255031
255087
255111
255117
255143
255170
255203
255205
255207
255213
255285
255578
255607
255663
255760
255767
255945
256081
256178
256243
256275
256445
256565
256582
256732
256775
256777
256780
257058
257099
257100
257352
257448
257576
257618
257780
258026
258079
258086
258183
258372
258656
258777
258834
258843
258870
259090
259124
259312
259356
259508
259848
259863
259884
260065
260092
260224
260250
260263
260316
260432
260503
260590
260596
260603
260677
260767
260790
261057
261270
261413
261520
261529
261679
261769
261812
261905
261943
262059
262181
262197
262243
262257
262269
262395
262451
262482
262635
262678
262764
262769
263021
263036
263088
263181
263324
263452
263539
263589
263618
263868
264044
264151
264245
264261
264356
264388
264601
264772
264999
265191
265279
265446
265488
265498
265795
265801
266139
266210
266287
266389
266423
266424
266610
266649
266812
266826
267061
267232
267346
267484
267609
267621
267698
267706
267821
267992
268027
268183
268471
268829
269067
269106
269265
269293
269380
269444
269546
269660
269733
269771
269892
269904
270058
270090
270120
270163
270200
270325
270509
270847
270899
271025
271059
271205
271529
271583
271596
271731
271771
271788
271822
271827
271832
271912
271924
272049
272064
272172
272237
272320
272598
272694
272997
273095
273104
273334
273347
273531
273708
273895
273996
274158
274180
274246
274602
274605
274705
274739
274888
274942
274971
275022
275138
275142
275227
275234
275339
275591
275810
275860
276065
276194
276212
276304
276369
276469
276470
276476
276566
276582
276662
277010
277104
277129
277143
277165
277171
277429
277479
277491
277526
277621
277807
277837
277865
277882
278283
278398
278442
278449
278608
278646
278653
278733
278901
279291
279326
279368
279410
279428
279453
279561
279585
279713
280071
280074
280364
280366
280380
280409
280512
280681
280737
280834
280872
280933
281010
281220
281280
281408
281475
281594
281662
281710
281852
281911
282140
282161
282237
282323
282440
282582
282679
282707
282860
282892
283053
283186
283311
283449
283540
283621
283624
283628
283634
283704
284011
284137
284175
284267
284335
284381
284445
284489
284819
284970
285280
285517
285563
285732
285787
285937
286294
286327
286343
286477
286670
286851
286936
286961
287009
287106
287216
287243
287341
287511
287524
287785
288178
288332
288386
288426
288642
288652
288666
288718
288745
288754
288824
289051
289158
289351
289424
289504
289704
289733
289825
289879
289880
289909
289942
290023
290117
290259
290298
290304
290421
290441
290536
290558
290626
290648
290752
290887
290949
291048
291182
291475
291540
291729
292069
292098
292116
292281
292303
292437
292493
292581
292670
292692
292815
292817
292883
293036
293191
293359
293375
293427
293444
293659
293756
293758
293871
294013
294057
294069
294406
294524
294818
294866
294869
294901
295029
295078
295146
295183
295222
295228
295358
295375
295420
295426
295440
295484
295496
295701
295738
295911
295997
296076
296148
296430
296467
296481
296613
296667
296786
297032
297319
297400
297577
297631
297767
297979
298279
298348
298403
298426
298443
298922
299032
299182
299195
299397
299432
299696
299821
299829
299969
300046
300105
300227
300243
300413
300457
300536
300541
300588
300594
300722
300789
301000
301017
301043
301497
301661
301727
301789
302149
302152
302156
302408
302593
302610
302625
302819
302825
303162
303369
303735
303738
303867
303885
304044
304133
304161
304170
304195
304197
304236
304342
304352
304476
304606
304627
304652
304703
304799
304893
305068
305138
305254
305279
305320
305335
305480
305502
305559
305676
305846
305921
306088
306148
306197
306228
306408
306449
306497
306512
306584
306815
306973
306983
307052
307284
307413
307524
307732
307777
307810
307859
307897
307916
307940
308091
308117
308154
308188
308297
308345
308514
308519
308559
308601
308696
308758
308974
309390
309398
309435
309469
309632
309828
309891
309954
310029
310094
310187
310402
310450
310453
310590
310899
310982
310995
311152
311211
311283
311331
311380
311479
311517
311560
311578
311618
311638
311650
311880
311974
311982
311993
312051
312082
312141
312161
312341
312343
312363
312401
312417
312445
312452
312575
312754
312871
312877
312880
312885
312997
313018
313051
313119
313218
313302
313322
313475
313490
313588
313760
313792
313850
314012
314279
314544
314832
314856
314999
315015
315041
315048
315143
315293
315494
315528
315677
315774
315842
315877
315977
316190
316193
316390
316403
316429
316527
316540
316554
316663
316799
316809
316838
316944
317159
317267
317271
317323
317351
317395
317411
317666
317696
317889
317992
318045
318131
318252
318264
318302
318833
318868
319034
319125
319365
319657
319674
319678
319680
320211
320256
320263
320283
320310
320400
320447
320490
320520
320557
320646
320949
321002
321298
321425
321468
321511
321523
321554
321559
321624
321793
322138
322220
322261
322380
322736
322766
322769
322821
322945
323120
323156
323243
323399
323474
323603
323771
323867
324033
324061
324120
324166
324174
324232
324253
324364
324397
324490
324531
324603
324630
324743
324762
324827
324960
325079
325121
325537
325558
325566
325871
325933
326052
326070
326120
326305
326320
326405
326541
326617
326624
326715
327040
327047
327049
327458
327635
327660
327722
327868
327943
327984
328060
328111
328117
328134
328200
328367
328456
328469
328576
328609
328646
328689
328883
328953
329231
329518
329537
329577
329969
329997
330005
330229
330418
330462
330479
330490
330753
330840
330845
330867
330946
330980
331505
331583
331653
331966
332312
332428
332443
332755
332957
333173
333252
333343
333615
333644
333783
333964
333976
333996
333997
334016
334161
334192
334197
334257
334335
334343
334364
334439
334483
334637
334640
334764
334818
334963
335004
335043
335186
335292
335537
335572
335689
335739
335940
336128
336165
336176
336190
336286
336495
336548
336598
336688
337032
337127
337239
337279
337372
337413
337500
337544
337554
337634
337787
337809
337866
337897
337907
338350
338360
338407
338465
338477
338587
338682
338723
338751
339104
339142
339177
339234
339351
339354
339482
339543
339623
339672
339683
339737
339771
339865
339938
340025
340096
340195
340477
340483
340577
340594
340785
340886
341044
341280
341509
341538
341548
341568
341582
341685
341785
341850
341868
341896
341940
341970
342007
342057
342098
342103
342125
342147
342201
342283
342565
342629
342722
342901
342910
343142
343195
343251
343360
343427
343443
343707
343987
344072
344161
344236
344404
344416
344514
344707
344716
344723
344723
344725
344728
344873
344925
345034
345044
345068
345162
345193
345305
345589
345677
345682
345701
345941
346018
346135
346190
346270
346540
346627
346663
346767
346808
347090
347102
347184
347247
347293
347313
347322
347478
347486
347535
347635
347732
347751
347862
347939
348008
348033
348126
348180
348322
348523
348602
348630
348739
349042
349108
349131
349198
349355
349451
349459
349516
349702
349809
349837
349890
349927
350325
350334
350442
350493
350495
350517
350530
350594
350667
350696
350770
350778
350883
351158
351208
351287
351356
351498
351550
351552
351554
351636
351799
351803
351804
351835
352216
352355
352798
352830
352847
353015
353044
353256
353477
353849
353853
353860
354274
354395
354421
354453
354469
354496
354589
354934
355011
355020
355021
355136
355179
355209
355282
355338
355471
355620
355707
355723
355902
355943
356030
356043
356121
356276
356376
356479
356590
356637
356714
356886
357185
357202
357203
357241
357331
357350
357351
357361
357541
357590
357647
357688
358537
358547
358581
358599
358657
358705
358913
358915
359006
359025
359101
359155
359480
359497
359647
359652
359758
359949
360251
360285
360306
360461
360471
360474
360596
360687
360727
360859
360935
361039
361085
361184
361208
361237
361301
361352
361396
361876
361910
361947
362055
362210
362218
362490
362580
362865
362940
362973
363115
363166
363216
363244
363325
363491
363520
363578
363602
363627
363717
363836
363878
363904
363981
364031
364143
364213
364282
364737
364829
364894
364985
365048
365081
365219
365268
365331
365364
365403
365960
365984
366068
366120
366132
366147
366170
366244
366386
366831
366863
366885
366909
367208
367412
367433
367486
367522
367529
367567
367667
367746
367979
367989
368047
368238
368404
368454
368709
368720
368744
368771
368948
368965
369092
369151
369312
369472
369522
369648
369729
369763
369771
369780
369797
369807
369839
369885
370058
370190
370689
370724
371070
371074
371218
371281
371305
371331
371375
371497
371583
371635
371876
371938
372039
372107
372141
372415
372582
372655
372742
372942
372960
373004
373094
373194
373320
373321
373325
373392
373444
373498
373761
373822
374080
374142
374187
374218
374285
374296
374465
374493
374869
374936
374985
374987
375169
375233
375257
375287
375301
375319
375406
375567
375630
375638
375647
375733
375824
375908
375911
375992
376108
376191
376280
376326
376366
376486
376600
376629
376703
376705
376747
376767
376799
376849
377228
377342
377450
377823
377998
378165
378178
378261
378362
378499
378566
378754
378771
379005
379157
379335
379374
379431
379562
379710
380017
380110
380244
380278
380292
380312
380350
380390
380410
380438
380464
380532
380777
380798
380798
380799
380969
380993
381225
381255
381286
381517
381517
381594
381671
381740
381794
381912
381940
382014
382020
382022
382129
382274
382389
382572
382693
382752
382819
382829
382901
382970
383000
383021
383255
383727
383796
383807
383883
384057
384236
384347
384357
384535
384563
384564
384584
384700
384949
384950
385023
385029
385368
385408
385409
385591
385627
385748
385852
385880
386235
386499
386549
386600
386793
386818
386908
386967
387051
387066
387170
387267
387406
387415
387439
387452
387457
387579
387708
387744
387847
387976
388098
388439
388446
388688
388763
388887
389079
389081
389187
389246
389269
389298
389312
389375
389764
389917
390067
390119
390429
390505
390506
390569
390693
390861
390959
390984
391263
391416
391524
391600
391622
391753
391987
392276
392316
392385
392494
392513
392540
392613
392774
392799
392813
392948
393035
393110
393131
393174
393431
393538
393656
393709
393920
394189
394214
394249
394267
394334
394339
394424
394565
394583
394592
394611
394654
394776
394978
395085
395129
395194
395271
395416
395486
395568
395609
395739
395963
395993
396001
396069
396209
396303
396488
396669
396678
396915
396949
396966
397043
397210
397267
397564
397889
397968
398032
398072
398160
398345
398360
398401
398451
398720
399030
399068
399070
399146
399323
399364
399439
399532
399534
399609
399637
399689
399722
399921
399929
399950
400001
400148
400151
400157
400175
400212
400460
400477
400540
400548
400704
400770
400840
400876
400944
400982
401024
401044
401129
401222
401299
401477
401535
401583
401727
401903
402144
402273
402348
402357
402377
402501
402544
402566
402859
402862
402917
402936
402988
403331
403711
403770
403890
404007
404076
404086
404281
404414
404534
404631
404651
404818
404924
405104
405139
405354
405661
405662
405733
405928
406464
406484
406828
406869
407104
407330
407461
407512
407522
407579
407638
407640
407685
407769
407925
407940
408176
408271
408292
408374
408430
408521
408542
408793
409093
409167
409253
409327
409546
409732
409756
409895
409925
410092
410151
410198
410270
410330
410350
410377
410763
410884
411002
411186
411203
411240
411324
411387
411418
411504
411773
411912
411936
412120
412144
412148
412170
412202
412214
412248
412259
412269
412291
412351
412451
412539
412803
412883
412926
412930
413057
413281
413331
413442
413443
413564
413639
413696
413739
413880
414319
414379
414427
414457
414558
414584
414790
414797
414895
414934
415079
415185
415418
415519
415574
415650
415682
415707
415728
415783
415827
415904
415967
416024
416055
416128
416249
416266
416397
416484
416639
416724
416756
416884
416928
417013
417026
417200
417388
417571
417581
417896
417934
417992
418006
418068
418156
418427
418435
418447
418541
418802
418823
418849
418959
419225
419434
419455
420078
420084
420218
420264
420507
420853
420925
421089
421258
421291
421308
421310
421511
421526
421528
421779
421806
421851
421916
421932
422025
422144
422332
422346
422374
422450
422486
422561
422633
422658
422723
422917
422942
423025
423185
423307
423361
423420
423553
423555
423688
423804
423850
424219
424224
424225
424237
424298
424680
424681
424751
424926
425020
425050
425134
425242
425597
425653
425669
425802
425887
425959
425996
426247
426530
426717
426791
426980
427067
427078
427135
427223
427242
427278
427498
427561
427580
427597
427672
427783
427902
427960
428015
428325
428340
428401
428401
428429
428481
428539
428630
428770
428832
429135
429164
429376
429621
429628
429630
429700
429709
429732
429777
429821
429948
429953
430189
430542
430553
430614
430632
430656
430708
430717
430751
430768
430949
431033
431051
431092
431215
431299
431535
431730
431794
431808
431853
432131
432241
432304
432567
432701
432804
432981
433218
433233
433345
433345
433530
433755
433756
433802
433880
434146
434208
434218
434218
434243
434267
434301
434376
434573
434602
434759
434809
435028
435044
435170
435270
435339
435467
435785
435827
435938
436087
436207
436273
436386
436542
436743
436750
436782
436920
437104
437106
437115
437157
437511
437865
437869
437973
438010
438076
438236
438255
438417
438528
438533
438588
438607
438650
438653
438663
438696
438720
438734
438767
439107
439340
439397
439409
439593
439606
439618
439620
439726
439907
439939
440053
440175
440222
440231
440374
440390
440422
440424
440483
440508
440519
440589
440607
440609
440982
441203
441237
441341
441393
441478
441627
441638
441709
441838
442130
442207
442284
442309
442362
442384
442422
442531
442542
442624
442780
442792
443063
443128
443176
443417
443544
443591
443838
443911
444025
444275
444331
444450
444505
444547
444554
444615
444837
444891
444946
444955
444966
445125
445327
445519
445584
445624
445704
445757
445776
445796
445870
446029
446109
446192
446226
446400
446642
446707
446836
447006
447269
447313
447427
447446
447518
447581
447778
447811
447916
448091
448215
448404
448427
448468
448502
448600
448901
448975
449012
449256
449285
449394
449517
449572
449747
449831
449863
450072
450170
450206
450344
450482
450616
450710
451038
451269
451271
451282
451500
451608
451888
452221
452224
452388
452526
452592
452613
452916
453174
453267
453513
453578
453628
453800
453812
453816
454061
454125
454247
454249
454282
454553
454584
454680
454900
455064
455078
455153
455169
455173
455281
455324
455501
455810
455971
456003
456016
456022
456188
456238
456368
456380
456408
456469
456474
456478
456508
456612
456796
456987
457029
457039
457046
457072
457110
457118
457462
457804
457832
457887
457999
458011
458140
458301
458563
458702
458798
458895
459039
459153
459178
459217
459225
459292
459351
459473
459824
459887
460007
460041
460061
460105
460109
460179
460200
460254
460616
460922
461029
461061
461279
461294
461706
461707
461931
462167
462272
462496
462516
462560
462565
462601
462743
462807
462886
462920
462993
463035
463330
463365
463388
463485
463626
463899
464187
464410
464418
464457
464527
464670
464792
464829
465206
465517
465602
465608
465623
465649
465786
465852
465944
465970
466004
466048
466071
466166
466401
466606
466739
466816
466852
466860
466883
466898
467058
467067
467160
467261
467397
467413
467446
467632
467650
467668
467726
467762
468064
468114
468139
468161
468171
468289
468325
468622
468931
468935
468947
469012
469106
469212
469230
469451
469600
469631
469667
469682
469789
469793
469875
469885
470078
470224
470459
470519
470531
470554
470684
470844
470850
470929
471069
471146
471340
471418
471608
471833
472021
472050
472060
472119
472229
472355
472487
472523
472853
472955
473044
473125
473166
473197
473286
473361
473497
473670
473716
473827
473836
474293
474322
474650
474655
474688
475081
475498
475509
475551
475606
475611
475787
475880
476019
476189
476210
476345
476417
476548
476943
477116
477224
477256
477259
477434
477443
477557
477635
477672
477851
478012
478051
478061
478127
478131
478387
478403
478418
478494
478679
478815
478837
478851
478928
478951
479009
479015
479044
479142
479240
479281
479349
479450
479484
479536
479676
479718
479750
479752
479818
479843
480189
480311
480454
480552
480606
480747
480752
480754
480832
480961
481018
481027
481041
481088
481152
481302
481378
481403
481429
481558
481586
481640
481713
481766
481840
481959
482135
482185
482202
482225
482373
482416
482752
482833
482834
482837
482904
483029
483034
483304
483407
483498
483501
483561
483572
483642
483836
483921
483995
484095
484226
484393
484587
484649
484663
484993
485058
485206
485360
485505
485654
485743
485770
485803
485885
485969
486144
486148
486220
486330
486414
486465
486481
486514
486537
486607
486741
486772
486825
486875
486876
486887
486925
487162
487253
487255
487276
487289
487299
487395
487406
487533
487589
487724
487791
487958
487988
488140
488239
488275
488898
488988
489024
489138
489139
489194
489246
489403
489910
489916
489926
490058
490206
490469
490559
490665
490918
490964
491047
491057
491058
491312
491451
491470
491476
491480
491668
491762
491813
491880
491947
491973
492047
492105
492116
492253
492285
492327
492346
492494
492586
492589
492651
492709
492755
492834
492881
492981
493045
493114
493236
493268
493428
493496
493508
493544
493679
493704
493762
493772
493866
493962
494247
494377
494379
494542
494604
494752
494782
494783
494902
495289
495416
495448
495515
495518
495535
495626
495874
495879
495908
496084
496346
496374
496452
496455
496700
496783
496796
497047
497078
497206
497331
497396
498046
498291
498382
498447
498495
498523
498614
498647
498778
499001
499039
499051
499063
499312
499349
499396
499510
499651
499720
499762
499784
500236
500329
500357
500635
500711
500776
501030
501040
501079
501175
501327
501431
501567
501979
501987
502248
502302
502358
502359
502412
502427
502486
502551
502560
502767
502972
503020
503056
503208
503213
503227
503239
503347
503351
503532
503607
503719
503732
503734
503827
503848
503889
504004
504065
504081
504230
504431
504556
504591
504650
504693
504901
505094
505097
505183
505231
505357
505586
505589
505626
505818
505886
505916
506024
506046
506138
506215
506371
506440
506540
506585
506607
506645
506714
506724
506851
506866
507226
507267
507277
507586
507620
507839
507928
507953
508234
508239
508273
508339
508354
508389
508464
508696
508817
509028
509179
509295
509370
509463
509781
509812
509828
509878
509935
510213
510368
510490
510499
510539
510575
510700
510706
510727
510728
510999
511288
511483
511563
511601
511606
511670
511745
511831
511858
511885
511921
511952
512042
512308
512347
512482
512658
513026
513163
513168
513345
513418
513440
513570
513655
513705
513739
513881
513917
513921
514002
514083
514097
514191
514531
514557
514632
514864
514900
514944
514979
514994
515111
515164
515290
515375
515489
515545
515605
515613
515649
515684
515860
515977
516092
516194
516303
516311
516336
516618
516688
516731
516946
517023
517026
517043
517244
517417
517622
517672
517697
517743
517991
518096
518118
518128
518198
518398
518483
518586
518653
518669
518749
518767
518804
518863
518902
518977
518978
518979
519124
519277
519282
519352
519417
519453
519497
519512
519517
519611
519660
519692
520011
520054
520099
520114
520571
520701
520969
521038
521109
521148
521436
521500
521521
521652
521823
521828
521896
521898
522000
522095
522150
522171
522328
522507
523044
523064
523146
523454
523491
523621
523636
523933
523977
524205
524420
524588
524726
524794
524840
524859
524903
525047
525113
525147
525324
525449
525534
525549
525642
525869
525955
526068
526285
526463
526688
526724
526738
526784
526864
526915
526922
527042
527069
527082
527110
527171
527436
527561
527615
527843
527890
528013
528079
528130
528141
528352
528384
528678
528690
528745
528993
529057
529264
529491
529524
529548
529585
529585
529586
529823
529953
530001
530002
530108
530193
530277
530406
530576
530670
530714
530848
530876
530969
531223
531229
531276
531571
531573
531965
532056
532070
532086
532104
532243
532455
532527
532568
532646
532784
533039
533194
533221
533307
533337
533378
533381
533484
533564
533581
533622
533772
533927
533929
533976
534045
534085
534652
535095
535330
535365
535420
535488
535622
535671
535697
535845
535982
536335
536728
536748
536797
536820
536885
537073
537183
537332
537493
537518
537710
537723
537740
538166
538212
538285
538297
538460
538479
538484
538815
538837
538991
539172
539185
539210
539356
540007
540216
540265
540301
540468
540483
540489
540609
540635
540708
541034
541130
541266
541315
541315
541417
541612
541637
541880
541979
542037
542166
542206
542233
542512
542516
542560
542816
542909
543133
543238
543285
543423
543463
543482
543624
543736
543793
543802
544063
544082
544087
544185
544448
544786
545115
545166
545218
545249
545302
545318
545420
545459
545558
545630
545675
545709
545807
545840
545952
545990
546037
546115
546474
546493
546580
546753
546882
546968
547329
547509
547513
547581
547613
547636
547900
547970
548072
548231
548299
548530
548583
548685
548727
548730
548738
548742
548759
548991
549036
549038
549052
549076
549293
549394
549492
549492
549539
549596
549624
549692
549759
549808
549824
549863
549942
550080
550132
550132
550349
550500
550522
550739
550775
550812
550885
550921
550986
551115
551169
551268
551309
551402
551500
551600
551770
552035
552064
552116
552350
552556
552655
552899
553072
553073
553082
553192
553681
553983
554103
554254
554324
554355
554398
554416
554551
554676
554700
554715
554752
554794
554811
555001
555019
555301
555326
555668
555769
555789
555863
556502
556576
556604
556649
556682
556717
556921
556968
556977
556998
557061
557079
557086
557087
557091
557175
557643
557666
557702
557703
557887
557995
558153
558201
558292
558328
558461
558586
558780
558893
558908
558942
559010
559145
559616
559623
559664
559774
560337
560356
560375
560429
560438
560657
560741
560742
560763
560873
561034
561037
561275
561298
561309
561341
561408
561498
561568
561596
561607
561666
561748
561838
562076
562093
562127
562128
562167
562188
562212
562426
562527
562556
562572
562637
562705
562828
562965
563024
563137
563335
563419
563493
563509
563537
563738
563827
563942
564098
564169
564175
564176
564220
564351
564508
564742
565101
565165
565168
565248
565581
565607
565769
565844
566004
566060
566145
566176
566290
566319
566338
566362
566375
566377
566423
566724
566789
566874
566918
566971
567168
567314
567415
567526
567599
567659
567675
567703
567707
568218
568590
568625
568704
568706
568856
568960
569233
569240
569301
569511
569913
570015
570128
570311
570428
570490
570529
570560
570620
570740
570775
570873
570880
570962
571051
571108
571453
571545
571665
571789
571896
571963
572038
572088
572132
572349
572371
572634
572639
572665
572705
572741
572774
572789
572913
572959
573062
573125
573344
573406
573473
573562
573650
573662
573686
573706
573835
574013
574126
574284
574358
574415
574546
574681
574823
574846
575028
575031
575127
575128
575233
575582
575662
575668
575787
576139
576158
576175
576473
576692
577049
577195
577218
577448
577550
577556
577589
577620
577746
577839
577994
578086
578131
578217
578290
578302
578305
578335
578658
578723
578765
578771
578803
578803
578936
579081
579405
579436
579521
579565
579591
579647
579814
579837
579867
579885
579925
579988
580009
580013
580206
580442
580469
580549
580561
580562
580588
580589
580672
580731
580811
580880
580973
580993
581004
581091
581177
581316
581341
581420
581470
581563
581767
581803
581844
581910
581942
581991
582016
582019
582096
582124
582158
582468
582525
582530
582549
582657
583000
583052
583187
583210
583333
583405
583420
583433
583462
583481
583519
583541
583713
583760
583802
583805
584040
584141
584417
584490
584790
584880
584981
585143
585144
585160
585172
585177
585247
585255
585270
585297
585563
585574
585590
585639
585730
585779
585810
586123
586184
586281
586390
586408
586508
586523
586765
586861
587077
587226
587302
587343
587552
587634
587655
587725
587820
587883
587931
587934
587993
588124
588288
588408
588586
588648
589324
589368
589476
589666
589673
589864
589886
589932
589955
590004
590188
590384
590399
590430
590443
590544
590599
590604
590689
590712
590725
590922
591165
591318
591408
591480
591521
591684
591686
591702
591755
591766
591786
592102
592249
592389
592532
592718
592844
592846
593023
593103
593127
593150
593214
593676
593754
593761
593770
593780
593787
593796
593826
594040
594113
594174
594179
594198
594219
594250
594293
594321
594341
594436
594577
594609
594679
594681
594840
594947
595088
595203
595252
595284
595330
595352
595354
595447
595481
595512
595652
595686
595714
595976
596066
596105
596122
596317
596342
596351
596403
597572
597725
597975
598018
598109
598109
598358
598421
598438
598488
598594
598615
598732
598733
598810
598864
599179
599189
599222
599370
599459
599709
599856
599911
600052
600063
600566
600610
600629
600701
600737
600741
600823
600921
601175
601205
601340
601378
601477
601543
601585
601592
601610
601648
601672
601681
601771
601812
601877
601902
601961
602376
602447
602623
602668
602754
602825
602879
603137
603226
603288
603472
603508
603517
603556
603712
603797
603947
604023
604127
604183
604224
604331
604496
604517
604756
604851
604945
604977
605045
605063
605120
605139
605246
605353
605521
605851
606086
606292
606342
606364
606644
606661
606666
606731
606737
606786
606874
606917
607357
607574
607598
607692
607831
607924
608059
608103
608131
608588
608792
609437
609665
609688
609736
609888
610166
610187
610233
610632
610759
610833
610910
611149
611202
611242
611347
611408
611647
612144
612394
612511
612550
612610
612719
612731
612746
612797
612873
612948
612964
613145
613164
613191
613197
613201
613219
613253
613825
613944
613991
614151
614219
614329
614377
614439
614444
614565
614689
615158
615311
615374
615574
615732
615770
615789
615982
615983
616192
616196
616240
616436
616471
616553
616656
616686
616798
616871
617019
617048
617136
617212
617245
617326
617399
617497
617809
617823
617847
617876
617886
617899
617990
618029
618189
618220
618254
618456
618746
618931
619061
619184
619258
619296
619354
619418
619544
619806
619826
619870
619968
620050
620065
620402
620537
620547
620694
620720
620732
620905
620945
621003
621013
621160
621596
621606
621619
621650
621714
621742
621761
622014
622018
622069
622506
622647
622755
622873
622935
622968
622991
622999
623003
623066
623081
623177
623201
623228
623615
623670
623701
623774
623882
623949
624157
624164
624356
624426
624511
624560
624565
624573
624606
624703
624820
625024
625059
625231
625438
625494
625604
625973
626018
626135
626311
626331
626389
626408
626490
626560
626674
626735
626765
626793
626984
626991
627124
627186
627431
627505
627713
627923
628165
628200
628253
628465
628476
628505
628584
628705
628718
628741
629063
629206
629237
629461
629514
629588
630008
630089
630420
630898
631143
631178
631240
631323
631360
631363
631402
631507
631557
631720
631737
631864
631962
632073
632193
632223
632229
632313
632455
632527
632613
632639
632666
632743
632795
632822
632837
632881
633183
633270
633595
633690
633755
633810
633831
633844
634072
634408
634464
634693
634704
634853
634880
634891
635151
635207
635354
635652
635747
635755
635837
635852
635961
635973
636004
636020
636194
636253
636347
636356
636440
636485
636536
636539
636558
636782
636982
637058
637106
637199
637274
637314
637449
637586
637663
637928
637952
638028
638037
638141
638160
638190
638302
638331
638356
638364
638432
638497
638696
638734
638777
638862
639007
639222
639265
639274
639338
639349
639520
639554
639568
639587
639832
639841
639889
640190
640333
640370
640403
640423
640476
640623
640689
640698
640912
640958
641143
641233
641407
641434
641587
641598
641734
641769
641936
642062
642088
642218
642330
642462
642500
642615
642678
642680
642772
642864
642911
643039
643090
643102
643278
643284
643533
643535
643622
643626
643683
643930
643955
643992
644046
644263
644330
644344
644409
644586
644616
644717
644765
644868
644898
644944
645142
645238
645244
645296
645316
645502
645503
645648
645753
645845
646068
646082
646207
646214
646299
646429
646503
646694
646799
646967
647048
647063
647131
647149
647184
647214
647694
647750
647819
647850
648148
648279
648336
648535
648543
648663
648685
648732
648871
648945
649109
649128
649172
649382
649766
649796
650194
650528
650883
650960
650977
651006
651133
651272
651392
651398
651451
651697
651811
651822
651910
651996
652013
652062
652170
652224
652269
652448
652525
652540
652613
652620
652629
652879
653238
653446
653579
653877
653897
654055
654082
654123
654157
654160
654170
654279
654438
654506
654525
654749
654836
654862
655005
655029
655056
655382
655449
655622
655705
655818
655970
656129
656143
656219
656294
656360
656475
656881
656985
657010
657219
657230
657241
657281
657342
657438
657453
657472
657600
657750
657764
657811
657966
657992
658161
658183
658458
658506
658559
658589
658615
658824
659005
659083
659282
659298
659419
659599
659611
659623
660012
660137
660167
660251
660381
660461
660478
660709
660719
660739
660752
660987
661113
661327
661368
661445
661602
661656
661960
661969
661972
662044
662162
662331
662475
662551
662593
662795
662811
662849
662988
663213
663323
663682
664024
664086
664340
664437
664628
664633
664984
665164
665213
665254
665275
665339
665376
665428
665911
665916
665945
665977
666048
666423
666468
666604
666659
666768
666812
666966
667089
667238
667413
667469
667506
667525
667572
667647
667794
668097
668217
668235
668354
668425
668555
668693
668727
668804
668982
669007
669038
669353
669496
669528
669644
669919
669921
670031
670137
670369
670539
670572
670576
670755
670831
670838
670883
670942
671010
671077
671396
671402
671650
671882
671991
672118
672206
672207
672234
672350
672428
672585
672594
672854
672987
673018
673076
673087
673309
673464
673500
673508
673757
673802
674228
674257
674537
674563
674669
674748
674889
674897
674900
674932
674989
675006
675016
675021
675038
675060
675364
675417
675485
675489
675494
675680
675692
675893
676125
676177
676265
676402
676439
676526
676533
676662
677174
677205
677327
677663
677665
677878
678027
678168
678279
678306
678340
678386
678574
678625
678760
678956
679070
679166
679354
679441
679541
679612
679846
679891
679945
680020
680207
680367
680394
680954
681013
681138
681247
681319
681773
681833
681862
681903
682133
682191
682335
682357
682364
682730
682872
683152
683332
683370
683689
683693
683906
683929
683962
684039
684104
684142
684246
684396
684411
684439
684552
684871
684950
684968
685012
685085
685093
685284
685333
685483
685574
685652
685700
685762
685853
685868
685894
685909
686122
686464
686571
686590
686742
686828
686895
687057
687062
687221
687367
687474
687571
687583
687981
688023
688116
688126
688149
688194
688206
688261
688303
688402
688517
688539
688585
688599
688621
688677
688954
688960
689022
689039
689046
689230
689287
689713
689843
689956
690476
690523
690610
690709
690777
690811
690970
690996
691081
691088
691118
691354
691359
691535
691595
691881
692002
692327
692371
692492
692649
692734
692748
692882
692958
693037
693307
693493
693507
693650
693830
693836
693930
694309
694383
694449
694510
694562
694594
694604
694834
694990
694994
695148
695201
695245
695389
695399
695516
695680
695837
695904
695976
696125
696219
696261
696397
696446
696674
696691
696826
696851
696885
697168
697311
697319
697354
697516
698037
698084
698102
698120
698140
698149
698160
698186
698208
698218
698220
698337
698381
698446
698668
698760
698866
698926
699069
699077
699251
699502
699512
699707
699987
700015
700056
700077
700083
700164
700220
700261
700367
700714
700823
700949
701020
701141
701372
701532
701638
701746
701908
702044
702362
702613
702790
703091
703351
703407
703408
703429
703488
703505
703532
703568
703774
703835
703851
703895
704008
704125
704311
704494
704549
704751
704880
704902
704912
705227
705236
705278
705341
705426
705626
705770
705825
705911
705923
705928
705989
706224
706373
706499
706556
706773
706796
706847
706975
707117
707243
707434
707461
707618
707626
707839
707918
707965
707987
708034
708218
708322
708365
708456
708465
708495
708497
708707
708863
708893
708896
708896
708992
709133
709153
709204
709214
709247
709250
709416
709728
709831
709874
709956
710002
710151
710166
710207
710314
710330
710445
710450
711279
711306
711364
711440
711575
711778
711799
712097
712108
712127
712321
712389
712414
712440
712575
712724
712875
712880
713019
713079
713192
713248
713301
713895
713991
714068
714268
714386
714494
714631
714636
714695
714856
714868
714979
715136
715201
715341
715351
715587
715610
715662
715756
716052
716137
716489
716491
716582
716660
716716
716774
716889
716979
717026
717068
717076
717229
717248
717260
717308
717327
717439
717555
717898
717926
718000
718133
718148
718157
718230
718232
718245
718480
718603
718739
718831
718883
718999
719004
719138
719154
719170
719212
719234
719277
719280
719418
719430
719467
719471
719494
719593
719730
720312
720336
720496
720514
720520
720593
720663
720664
721003
721297
721351
721444
721561
721592
721790
721977
722366
722433
722637
722696
722710
722746
722772
722794
723124
723202
723211
723282
723341
723394
723606
723623
723734
723792
723832
723899
723953
723972
724284
724285
724360
724468
724473
724603
724623
724717
724789
724872
724876
724927
724941
724967
725019
725138
725249
725330
725381
725479
725479
725564
725943
725975
726067
726078
726277
726411
726429
726434
726494
726674
726750
726889
727109
727125
727264
727287
727599
727626
727758
727986
728037
728041
728078
728095
728157
728250
728448
728568
728584
728886
728957
729006
729061
729279
729389
729440
729472
729588
729657
729667
729753
729812
729821
729850
729961
730115
730188
730260
730319
730329
730400
730424
730448
730504
730599
730670
730719
730917
730929
730980
730997
731111
731125
731305
731314
731416
731423
731641
731650
731863
732039
732042
732071
732119
732159
732429
732491
732731
732771
732776
732850
732937
733002
733031
733076
733176
733178
733181
733379
733426
733495
733527
733642
733687
733894
733912
734056
734075
734132
734245
734296
734332
734466
734545
734598
734725
734804
734992
735014
735082
735171
735189
735211
735327
735386
735480
735486
735570
735756
735906
735945
736042
736080
736096
736241
736572
736649
736693
736696
736789
736857
737044
737107
737172
737185
737252
737306
737365
737428
737494
737593
737805
737833
737891
737921
738009
738067
738146
738408
738483
738539
738557
738631
738683
738701
738725
738727
738729
738963
739018
739036
739056
739135
739301
739509
739542
739687
739715
739786
740025
740151
740341
740399
740485
740818
740947
741252
741337
741632
741802
741899
741955
741990
742070
742086
742323
742638
742655
742666
742708
742781
742800
742921
742932
742953
743091
743176
743386
743426
743496
743551
743678
743699
743809
743850
744241
744312
744435
744457
744526
744551
744702
744756
744873
744898
744973
745150
745198
745233
745317
745423
745457
745482
745719
745828
745970
746118
746203
746219
746281
746319
746340
746351
746424
746424
746598
746728
746736
746995
747027
747075
747162
747178
747179
747210
747304
747357
747554
747606
747741
748120
748374
748512
748794
748807
748857
748945
749126
749138
749218
749299
749324
749332
749402
749848
749881
749910
749925
749932
750107
750195
750263
750319
750382
750434
750548
750632
750656
750723
750838
751047
751086
751227
751341
751442
751445
751500
751589
751626
751668
751684
751876
751961
752108
752212
752324
752400
752426
752463
752535
752646
752654
752682
752714
752804
752868
752897
752917
753226
753253
753392
753404
753410
753535
753557
753562
753781
753816
753920
754060
754078
754086
754414
754637
754681
754692
754693
754841
754888
755023
755035
755044
755101
755184
755282
755308
755323
755508
755523
755583
755658
755920
756059
756082
756238
756335
756466
756554
756653
756699
756814
756820
757006
757079
757110
757135
757264
757268
757347
757404
757442
757467
757557
757969
757997
758115
758282
758362
758413
758519
758763
758852
758858
759029
759118
759142
759208
759283
759388
759723
759816
759850
759938
759942
760025
760118
760129
760147
760264
760444
760813
760814
760837
760900
760917
760994
761261
761449
761463
761921
762019
762107
762190
762390
762394
762592
762639
762893
763325
763328
763370
763413
763416
763457
763532
763791
763928
763952
763982
764114
764154
764568
764641
764693
764955
764995
765024
765310
765344
765374
765442
765806
765806
765823
765929
766044
766173
766194
766226
766529
766612
766785
766821
767090
767361
767414
767420
767512
767524
767814
767850
767964
768000
768023
768034
768271
768336
768338
768371
768433
768433
768653
768680
768682
769001
769052
769187
769193
769371
769531
769534
769887
769891
769996
770006
770282
770311
770785
770804
770913
771008
771039
771221
771233
771307
771543
771545
771555
771570
771646
771721
771828
772000
772014
772023
772049
772113
772173
772201
772240
772245
772298
772350
772492
773101
773197
773560
773948
774048
774200
774227
774228
774282
774304
774310
774607
774794
774877
774964
775084
775138
775146
775208
775229
775320
775360
775390
775494
775705
775749
775898
775935
776089
776114
776281
776333
776336
776346
776429
776494
776505
776683
776699
776720
776731
776882
776934
777288
777462
777503
777541
777745
777753
777788
777788
778045
778050
778106
778226
778303
778315
778415
778566
778566
778651
778705
778758
778927
779072
779103
779427
779526
779622
779792
779908
779956
780016
780161
780590
780640
780875
780945
780983
781063
781075
781081
781085
781134
781174
781215
781328
781493
781692
781984
782008
782131
782174
782350
782522
782567
783310
783378
783397
783764
783969
783985
784065
784105
784329
784387
784569
784643
784679
784818
784881
785276
785327
785385
785515
785705
785846
785869
786206
786223
786233
786349
786531
786569
786688
786841
787140
787347
787353
787508
787819
787871
787901
788088
788098
788240
788447
788502
788537
788603
788628
788778
788778
788782
788801
788825
788950
789082
789142
789250
789264
789303
789318
789380
789405
789447
789511
789611
789712
789792
789890
789917
789975
790179
790293
790436
790456
790516
790524
790661
790903
790939
791102
791165
791269
791283
791438
791504
791667
791905
791936
792006
792031
792161
792171
792336
792352
792392
792397
792700
792791
793128
793686
793762
793766
793767
793810
793875
794026
794044
794101
794184
794205
794309
794343
794384
794417
794420
794477
794541
794596
794600
794625
794858
795055
795075
795113
795220
795223
795319
795401
795404
795419
795549
795586
795643
795733
795902
795921
795991
796113
796135
796234
796283
796401
796505
796881
796995
797002
797056
797193
797194
797197
797258
797334
797350
797401
797529
797824
798030
798185
798310
798354
798416
798450
798539
798625
798633
798780
798925
799238
799290
799345
799446
799453
799589
799644
799798
799807
799942
799998
800126
800196
800200
800214
800294
800492
800536
800619
800648
800679
800803
800855
800881
800884
800990
801056
801100
801139
801725
801796
801877
802163
802303
802391
802566
802720
802799
802924
802935
803301
803338
803461
803513
803604
803657
803902
803996
804051
804223
804234
804440
804479
804570
804659
804663
804665
804779
805090
805099
805146
805152
805247
805362
805373
805469
805589
805701
805776
805876
805883
805893
806001
806027
806148
806231
806581
806657
806698
806844
807040
807187
807340
807423
807479
807529
807889
807900
808181
808293
808405
808465
808519
808571
808677
808837
809472
809473
809481
809547
809622
809689
809783
809800
809888
810017
810044
810105
810300
810677
810926
810931
810955
810971
811220
811289
811373
811421
811498
811575
811635
811936
812015
812194
812252
812438
812503
812556
812616
812743
812955
813351
813559
813668
813848
813852
813879
813916
813937
813980
813986
814005
814008
814131
814268
814300
814344
814355
814404
814454
814485
814645
814658
814733
814849
814902
814928
815114
815264
815286
815420
815440
815533
815551
815706
815719
815796
816212
816240
816247
816306
816364
816377
816386
816465
816476
816487
816642
816875
816892
816937
817034
817156
817204
817259
817411
817466
817547
817694
817758
817814
818014
818130
818196
818355
818438
818489
818652
818889
819155
819175
819280
819281
819326
819344
819444
819576
819815
819879
820033
820058
820173
820182
820275
820448
820518
820598
820766
820966
821191
821497
821712
821732
821750
821830
821926
821973
822017
822048
822106
822153
822417
822581
822751
822817
822829
822882
823046
823111
823116
823159
823321
823455
823627
823637
823639
823697
823722
823748
823925
824011
824104
824128
824148
824230
824293
824449
824801
824925
824972
824989
824993
824999
825208
825258
825349
825445
825507
825644
825753
825869
825897
825900
826024
826098
826160
826413
826429
826493
826514
826899
826974
826978
826979
827063
827092
827240
827471
827498
827560
827730
827793
827917
828089
828117
828236
828289
828323
828343
828359
828530
828579
828755
828758
828786
828793
828824
828952
829352
829388
829409
829730
829737
829802
829818
830101
830196
830258
830405
830540
830864
830880
830937
831041
831254
831265
831278
831337
831399
831498
831528
831606
831699
831862
831948
831967
832482
832553
832614
832684
832730
832797
833085
833191
833231
833531
833768
833857
833964
834087
834128
834135
834193
834217
834312
834392
834556
834846
834880
834934
834976
835073
835224
835238
835251
835318
835343
835347
835348
835372
835401
835420
835500
835504
835542
835546
835559
835675
835731
835733
835884
835921
835945
836082
836155
836191
836226
836280
836342
836479
836572
836589
836601
836661
836935
837008
837090
837161
837253
837277
837522
837572
837714
837786
837859
837916
837986
838311
838381
838402
838812
838832
838883
838902
838945
838967
838983
838997
839029
839034
839046
839066
839251
839381
839420
839525
839697
839744
839766
840231
840350
840928
841025
841210
841396
841401
841454
841479
841588
841639
841658
841800
841978
842422
842547
842579
842592
842719
842770
842866
843020
843172
843232
843270
843531
843587
843636
843646
843742
843766
843999
844010
844031
844047
844121
844261
844318
844380
844393
844699
844750
844891
845191
845561
845576
845697
845850
845856
845868
845987
846197
846256
846295
846513
846521
846553
846602
846618
846659
846742
846813
846932
846961
846995
847032
847199
847364
847437
847482
847507
847558
847598
847660
847739
847799
847844
847847
847990
848039
848134
848268
848292
848374
848437
848535
848710
848716
848717
849273
849417
849475
849491
849499
849616
849626
849852
849943
850022
850079
850214
850278
850345
850457
850474
850480
850762
850879
850992
851044
851073
851196
851288
851332
851341
851478
851498
851634
851667
851674
851681
851699
852000
852042
852078
852123
852149
852253
852284
852479
852492
852622
852829
852892
852902
853276
853298
853457
853494
853568
853617
853896
853907
854162
854177
854186
854262
854285
854660
854684
854907
854960
855006
855039
855041
855198
855215
855270
855327
855329
855346
855381
855426
855602
855615
855685
855831
856114
856151
856216
856499
856921
856945
856956
857145
857372
857474
857559
857602
857655
857754
857821
857906
857979
858060
858063
858097
858117
858267
858302
858461
858492
858783
858868
858900
858951
858972
858977
859060
859081
859307
859320
859746
859787
859979
860001
860060
860072
860129
860302
860396
860514
860670
860775
861048
861177
861208
861251
861335
861376
861423
861488
861523
861567
861649
861679
861705
861714
861969
862033
862159
862213
862278
862366
862378
862446
862553
862628
862734
862782
862931
862951
863201
863217
863238
863319
863420
863451
863552
863771
863820
863912
863931
864328
864498
864594
864860
865179
865329
865435
865439
865534
865608
865642
865737
865866
866061
866098
866197
866226
866345
866445
866661
866693
866722
866723
866779
866963
867015
867018
867069
867276
867343
867418
867538
867653
867818
867885
868005
868060
868100
868348
868448
868473
868630
868698
868754
868783
869071
869310
869344
869381
869492
869622
869639
869700
869800
870057
870174
870334
870384
870417
870450
870502
870559
870577
870611
870626
870648
870660
870826
870837
870980
871051
871180
871250
871260
871295
871307
871414
871496
871643
871645
871742
871783
871838
871951
871953
872025
872101
872145
872150
872187
872198
872254
872262
872401
872551
872690
872808
872832
872875
872937
873025
873025
873451
873555
873571
873625
873637
873644
873694
873739
873817
873857
873913
873935
873971
873983
874215
874227
874261
874267
874495
874740
874770
874867
874921
875015
875059
875123
875235
875325
875497
875536
875661
875724
875855
875925
875950
876067
876071
876103
876400
876415
876589
876663
876663
876684
876971
877101
877182
877301
877470
877596
877627
877763
877788
877928
878071
878137
878203
878324
878386
878469
878595
878703
878888
879103
879364
879373
879384
879387
879499
879526
879630
879648
879654
879722
879791
879964
879999
880021
880042
880283
880304
880473
880758
880882
881002
881041
881101
881170
881179
881202
881401
881419
881422
881511
881627
881746
881820
881886
881974
881991
881992
882263
882282
882454
882476
882501
882539
882551
882662
882665
882703
882729
882748
882788
882904
883400
883404
883518
883613
883648
883710
883971
884295
884302
884340
884806
884914
884918
884940
885005
885168
885243
885578
885726
885755
885974
886044
886084
886231
886239
886262
886333
886393
886473
886495
886507
886758
886910
886932
887066
887069
887229
887355
887390
887586
887596
887633
887747
887812
887862
888121
888282
888424
888468
888483
888691
888826
888934
889050
889056
889234
889359
889452
889459
889536
889813
889826
889952
889973
890011
890065
890079
890081
890104
890166
890209
890358
890392
890489
890542
890581
890629
890693
890779
890828
890878
891090
891264
891270
891322
891378
891390
891519
891526
891618
891711
891789
891886
891896
892229
892444
892482
892545
892573
892710
892871
893013
893141
893160
893320
893459
893794
893860
893947
894077
894135
894194
894451
894466
894690
894697
894943
894992
895122
895164
895167
895229
895315
895412
895558
895630
895867
895922
895967
896036
896045
896069
896093
896099
896176
896209
896274
896458
896681
896690
896847
897008
897078
897285
897297
897607
897623
897626
897672
897827
897902
897928
897955
898029
898076
898254
898504
898666
898800
898865
899028
899197
899388
899857
900195
900455
900705
900848
900857
900950
901269
901354
901459
901523
901642
901793
901898
902014
902038
902188
902323
902394
902516
902560
903079
903141
903152
903251
903286
903922
903991
904050
904288
904301
904308
904430
904464
904470
904580
904595
904603
904647
904697
904715
905124
905145
905185
905225
905225
905237
905298
905641
905969
906057
906060
906153
906160
906213
906483
906538
906636
906680
906814
906920
907066
907135
907158
907284
907300
907318
907453
907573
907641
907716
907731
907779
908174
908188
908335
908414
908436
908839
908935
909151
909312
909493
909538
909558
909654
909667
909707
909848
909938
910055
910188
910502
910585
910705
910762
910931
911057
911185
911213
911324
911557
911648
911651
911707
911920
912000
912151
912347
912421
912537
912656
912726
912817
912882
912937
912991
913064
913359
913372
913583
913726
913807
913821
913852
914689
915091
915195
915381
915496
915505
915618
915675
915919
915945
916163
916196
916202
916388
916624
916733
916856
916872
916918
916967
917341
917458
917460
917578
917624
917853
917939
917940
918140
918254
918460
918502
918603
918634
918663
918670
918767
918802
919001
919198
919410
919557
919629
919691
919720
919737
919920
919968
919993
920076
920440
920480
920589
920785
920928
921127
921129
921402
921447
921755
921780
921927
922003
922039
922051
922290
922320
922406
922465
922533
922580
922623
922761
922926
922976
923025
923074
923372
923632
923721
924154
924170
924189
924334
924373
924768
924878
924898
924972
925056
925090
925208
925386
925420
925554
925682
925806
925915
926227
926333
926339
926445
926449
926587
926594
926819
926871
927413
927557
927646
927884
927899
927974
928112
928122
928172
928227
928246
928301
928603
928639
928655
928944
929606
929630
929791
929828
929876
929917
929919
929948
930090
930116
930170
930172
930180
930252
930262
930319
930414
930567
930673
930710
930724
930892
930896
930988
931156
931177
931208
931261
931436
931572
931916
932011
932079
932223
932264
932346
932441
932617
932826
932931
932992
932995
933093
933381
933401
933407
933644
933789
933801
933824
933871
933913
933964
933973
934114
934326
934407
934477
934574
934691
934752
934816
934868
934933
934937
934996
935143
935171
935445
935679
935683
935685
935889
935986
936243
936337
936451
936634
936666
936890
936936
937070
937110
937246
937292
937310
937353
937361
937389
937461
937684
937845
937907
938040
938171
938200
938765
938855
938903
938948
939026
939133
939292
939297
939469
939600
939874
940065
940083
940106
940121
940165
940233
940263
941171
941214
941368
941598
941726
941810
941811
941930
941938
941988
942067
942080
942087
942120
942530
942553
942564
942632
942719
942852
942920
942965
942975
942997
943025
943184
943312
943445
943499
943526
943543
943613
943656
943716
943730
943736
943918
943978
943985
944021
944395
944459
944484
944487
944496
944526
944731
944807
944864
944917
945057
945114
945146
945171
945252
945427
945478
945638
945638
945691
945790
945893
945902
946000
946047
946085
946241
946455
946478
946494
946545
946552
946641
946662
946666
946726
946763
947010
947014
947278
947336
947392
947579
947726
947845
947855
947864
948069
948091
948147
948152
948325
948588
948610
948785
948839
948913
949156
949333
949398
949504
949783
949819
950102
950146
950283
950513
950535
950555
950566
950630
950672
950994
951090
951150
951322
951354
951403
951446
951610
951649
951650
951812
951825
951838
951898
952023
952155
952168
952303
952390
952406
952449
952756
952800
952939
952939
953007
953176
953210
953281
953320
953391
953664
953713
953836
954005
954209
954342
954551
954792
954937
955332
955336
955521
955576
955621
955651
955927
955937
955945
955970
956076
956296
956364
956434
956581
956720
956774
956920
957309
957351
957624
957917
957961
957968
958194
958483
958513
958570
958642
958689
958942
959028
959388
959518
959600
959636
959664
959672
959711
959889
959978
959994
960132
960172
960238
960368
960655
960686
960706
961046
961132
961209
961723
961926
962081
962104
962105
962312
962395
962414
962463
962578
962731
962851
963112
963249
963342
963466
963471
963496
963525
963693
963825
964075
964135
964184
964302
964302
964314
964316
964393
964447
964449
964525
964825
964931
964987
965007
965124
965273
965554
965596
965637
965656
965682
965909
965963
966205
966308
966313
966485
966495
966571
966644
966715
966775
966841
966844
966864
966974
967075
967308
967341
967402
967418
967454
967479
967512
967688
967880
967972
968526
968553
968639
968675
968783
968806
968919
969024
969098
969318
969470
969522
969551
969561
969613
969707
969758
969867
969892
969965
970097
970155
970215
970229
970315
970411
970442
970559
970580
970841
971258
971283
971458
971888
971888
972019
972063
972117
972236
972253
972309
972368
972691
972702
972719
972843
972923
972964
973069
973350
973369
973392
973437
973440
973554
973660
973672
973690
973777
973884
973940
974089
974146
974293
974326
974388
974516
974639
974846
974907
974987
975122
975135
975204
975374
975431
975468
975508
975648
975655
976142
976162
976164
976241
976396
976859
977098
977124
977140
977202
977322
977393
977552
977657
977714
977775
977799
977813
977896
977985
978064
978117
978384
978395
978468
978522
978536
978584
978627
978782
978887
979114
979233
979412
979565
979624
979731
979933
979934
979958
980076
980354
980399
980408
980575
980722
980754
980816
980934
981144
981210
981560
981572
981915
981977
982029
982033
982166
982254
982379
982415
982501
982525
982583
982619
982630
982657
982804
982825
982876
982973
982999
983272
983342
983437
983577
983580
983596
983880
983933
983949
984019
984087
984108
984414
984449
984527
984613
984617
984673
984906
985041
985405
985471
985516
985535
985603
985719
985943
986084
986314
986405
987042
987268
987331
987422
987553
987572
987656
987841
987896
988060
988507
988636
988794
989271
989410
989730
989731
989773
989835
990198
990218
990275
990334
990359
990363
990375
990387
990397
990432
990544
990629
990758
990808
990933
990998
991068
991110
991133
991170
991252
991255
991386
991391
991499
991637
991651
991716
991813
991870
991930
992036
992043
992093
992117
992139
992207
992263
992380
992394
992547
992699
992776
992784
992901
993019
993112
993443
993609
993825
994129
994221
994292
994502
994738
995005
995046
995237
995292
995353
995422
995944
995973
996041
996108
996257
996267
996502
996737
996777
996997
997106
997177
997252
997520
998047
998306
998393
998449
998457
998496
998668
998764
998789
998844
999066
999184
999207
999221
999289
999368
999376
999382
999454
999486
999526
999583
999666
999853
999955